-0.998814 -0.999802 -1.500000
-0.998814 -0.999802 0.000000
-0.998814 -0.999802 1.500000
-0.998814 0.000000 -1.500000
-0.998814 0.000000 0.000000
-0.998814 0.000000 1.500000
-0.998814 0.999802 -1.500000
-0.998814 0.999802 0.000000
-0.998814 0.999802 1.500000
0.000791 -0.999802 -1.500000
0.000791 -0.999802 0.000000
0.000791 -0.999802 1.500000
0.000791 0.000000 -1.500000
0.000791 0.000000 0.000000
0.000791 0.000000 1.500000
0.000791 0.999802 -1.500000
0.000791 0.999802 0.000000
0.000791 0.999802 1.500000
1.000395 -0.999802 -1.500000
1.000395 -0.999802 0.000000
1.000395 -0.999802 1.500000
1.000395 0.000000 -1.500000
1.000395 0.000000 0.000000
1.000395 0.000000 1.500000
1.000395 0.999802 -1.500000
1.000395 0.999802 0.000000
1.000395 0.999802 1.500000
-1.427216 -0.856973 -1.285714
-1.427216 -0.856973 -0.428571
-1.427216 -0.856973 0.428571
-1.427216 -0.856973 1.285714
-1.427216 -0.285658 -2.142857
-1.427216 -0.285658 -1.285714
-1.427216 -0.285658 -0.428571
-1.427216 -0.285658 0.428571
-1.427216 -0.285658 1.285714
-1.427216 -0.285658 2.142857
-1.427216 0.285658 -2.142857
-1.427216 0.285658 -1.285714
-1.427216 0.285658 -0.428571
-1.427216 0.285658 0.428571
-1.427216 0.285658 1.285714
-1.427216 0.285658 2.142857
-1.427216 0.856973 -1.285714
-1.427216 0.856973 -0.428571
-1.427216 0.856973 0.428571
-1.427216 0.856973 1.285714
-0.856013 -1.428289 -1.285714
-0.856013 -1.428289 -0.428571
-0.856013 -1.428289 0.428571
-0.856013 -1.428289 1.285714
-0.856013 -0.856973 -2.142857
-0.856013 -0.856973 -1.285714
-0.856013 -0.856973 -0.428571
-0.856013 -0.856973 0.428571
-0.856013 -0.856973 1.285714
-0.856013 -0.856973 2.142857
-0.856013 -0.285658 -2.142857
-0.856013 -0.285658 -1.285714
-0.856013 -0.285658 -0.428571
-0.856013 -0.285658 0.428571
-0.856013 -0.285658 1.285714
-0.856013 -0.285658 2.142857
-0.856013 0.285658 -2.142857
-0.856013 0.285658 -1.285714
-0.856013 0.285658 -0.428571
-0.856013 0.285658 0.428571
-0.856013 0.285658 1.285714
-0.856013 0.285658 2.142857
-0.856013 0.856973 -2.142857
-0.856013 0.856973 -1.285714
-0.856013 0.856973 -0.428571
-0.856013 0.856973 0.428571
-0.856013 0.856973 1.285714
-0.856013 0.856973 2.142857
-0.856013 1.428289 -1.285714
-0.856013 1.428289 -0.428571
-0.856013 1.428289 0.428571
-0.856013 1.428289 1.285714
-0.284811 -1.428289 -2.142857
-0.284811 -1.428289 -1.285714
-0.284811 -1.428289 -0.428571
-0.284811 -1.428289 0.428571
-0.284811 -1.428289 1.285714
-0.284811 -1.428289 2.142857
-0.284811 -0.856973 -2.142857
-0.284811 -0.856973 -1.285714
-0.284811 -0.856973 -0.428571
-0.284811 -0.856973 0.428571
-0.284811 -0.856973 1.285714
-0.284811 -0.856973 2.142857
-0.284811 -0.285658 -2.142857
-0.284811 -0.285658 -1.285714
-0.284811 -0.285658 -0.428571
-0.284811 -0.285658 0.428571
-0.284811 -0.285658 1.285714
-0.284811 -0.285658 2.142857
-0.284811 0.285658 -2.142857
-0.284811 0.285658 -1.285714
-0.284811 0.285658 -0.428571
-0.284811 0.285658 0.428571
-0.284811 0.285658 1.285714
-0.284811 0.285658 2.142857
-0.284811 0.856973 -2.142857
-0.284811 0.856973 -1.285714
-0.284811 0.856973 -0.428571
-0.284811 0.856973 0.428571
-0.284811 0.856973 1.285714
-0.284811 0.856973 2.142857
-0.284811 1.428289 -2.142857
-0.284811 1.428289 -1.285714
-0.284811 1.428289 -0.428571
-0.284811 1.428289 0.428571
-0.284811 1.428289 1.285714
-0.284811 1.428289 2.142857
0.286392 -1.428289 -2.142857
0.286392 -1.428289 -1.285714
0.286392 -1.428289 -0.428571
0.286392 -1.428289 0.428571
0.286392 -1.428289 1.285714
0.286392 -1.428289 2.142857
0.286392 -0.856973 -2.142857
0.286392 -0.856973 -1.285714
0.286392 -0.856973 -0.428571
0.286392 -0.856973 0.428571
0.286392 -0.856973 1.285714
0.286392 -0.856973 2.142857
0.286392 -0.285658 -2.142857
0.286392 -0.285658 -1.285714
0.286392 -0.285658 -0.428571
0.286392 -0.285658 0.428571
0.286392 -0.285658 1.285714
0.286392 -0.285658 2.142857
0.286392 0.285658 -2.142857
0.286392 0.285658 -1.285714
0.286392 0.285658 -0.428571
0.286392 0.285658 0.428571
0.286392 0.285658 1.285714
0.286392 0.285658 2.142857
0.286392 0.856973 -2.142857
0.286392 0.856973 -1.285714
0.286392 0.856973 -0.428571
0.286392 0.856973 0.428571
0.286392 0.856973 1.285714
0.286392 0.856973 2.142857
0.286392 1.428289 -2.142857
0.286392 1.428289 -1.285714
0.286392 1.428289 -0.428571
0.286392 1.428289 0.428571
0.286392 1.428289 1.285714
0.286392 1.428289 2.142857
0.857595 -1.428289 -1.285714
0.857595 -1.428289 -0.428571
0.857595 -1.428289 0.428571
0.857595 -1.428289 1.285714
0.857595 -0.856973 -2.142857
0.857595 -0.856973 -1.285714
0.857595 -0.856973 -0.428571
0.857595 -0.856973 0.428571
0.857595 -0.856973 1.285714
0.857595 -0.856973 2.142857
0.857595 -0.285658 -2.142857
0.857595 -0.285658 -1.285714
0.857595 -0.285658 -0.428571
0.857595 -0.285658 0.428571
0.857595 -0.285658 1.285714
0.857595 -0.285658 2.142857
0.857595 0.285658 -2.142857
0.857595 0.285658 -1.285714
0.857595 0.285658 -0.428571
0.857595 0.285658 0.428571
0.857595 0.285658 1.285714
0.857595 0.285658 2.142857
0.857595 0.856973 -2.142857
0.857595 0.856973 -1.285714
0.857595 0.856973 -0.428571
0.857595 0.856973 0.428571
0.857595 0.856973 1.285714
0.857595 0.856973 2.142857
0.857595 1.428289 -1.285714
0.857595 1.428289 -0.428571
0.857595 1.428289 0.428571
0.857595 1.428289 1.285714
1.428797 -0.856973 -1.285714
1.428797 -0.856973 -0.428571
1.428797 -0.856973 0.428571
1.428797 -0.856973 1.285714
1.428797 -0.285658 -2.142857
1.428797 -0.285658 -1.285714
1.428797 -0.285658 -0.428571
1.428797 -0.285658 0.428571
1.428797 -0.285658 1.285714
1.428797 -0.285658 2.142857
1.428797 0.285658 -2.142857
1.428797 0.285658 -1.285714
1.428797 0.285658 -0.428571
1.428797 0.285658 0.428571
1.428797 0.285658 1.285714
1.428797 0.285658 2.142857
1.428797 0.856973 -1.285714
1.428797 0.856973 -0.428571
1.428797 0.856973 0.428571
1.428797 0.856973 1.285714
