0.088541 -1.967975 -0.105690 -0.281267
0.080421 -1.946433 -0.109030 0.258745
0.103244 -1.971786 -0.171947 0.884098
0.100163 -1.969515 0.208159 -0.771827
0.028555 -1.555650 -1.249582 -0.751783
0.074704 -1.560070 -0.872400 -1.285145
0.064833 -1.638415 -0.961624 -0.881740
0.101701 -1.630298 -0.898329 -0.307664
0.101189 -1.691313 -0.885293 0.338865
0.086137 -1.589095 -0.923573 0.767736
0.082424 -1.650385 -0.870958 1.351632
0.062271 -1.615135 -0.507422 -1.867157
0.103230 -1.709852 -0.499809 -1.438761
0.117020 -1.563570 -0.620377 -0.787329
0.084376 -1.576524 -0.514851 -0.237182
0.067753 -1.704908 -0.477922 0.274863
0.067688 -1.699349 -0.487490 0.808298
0.050773 -1.595529 -0.544057 1.400898
0.040655 -1.638497 -0.551696 1.945889
0.050120 -1.662881 -0.132168 -1.837790
0.092956 -1.704060 -0.152288 -1.439019
0.119863 -1.643150 -0.171327 -0.762840
0.024165 -1.578250 -0.247944 -0.209671
0.070111 -1.559371 -0.126551 0.201602
0.026505 -1.600398 -0.104727 0.827470
0.095862 -1.696396 -0.258680 1.390252
0.066450 -1.660126 -0.139319 1.984573
0.039955 -1.646012 0.234919 -1.856104
0.118025 -1.664957 0.230245 -1.322711
0.031943 -1.695339 0.126786 -0.863417
0.057315 -1.676375 0.128332 -0.242246
0.066820 -1.614095 0.229600 0.324646
0.116016 -1.655053 0.246716 0.825788
0.091446 -1.679728 0.102892 1.386409
0.027788 -1.584895 0.230509 1.944442
0.089984 -1.626696 0.507257 -1.915292
0.048160 -1.655231 0.577453 -1.313985
0.059075 -1.595173 0.533287 -0.750916
0.102471 -1.631343 0.591668 -0.254193
0.117289 -1.605949 0.468921 0.260259
0.043931 -1.579985 0.489743 0.791631
0.176365 -1.630466 0.526108 1.336068
0.105173 -1.571905 0.499218 1.978808
0.090361 -1.609488 0.888650 -1.310634
0.096192 -1.699459 0.848114 -0.862880
0.097539 -1.600825 0.922468 -0.222372
0.069242 -1.651291 0.915763 0.309501
0.140899 -1.680757 0.934947 0.773701
0.076871 -1.214215 -1.557273 -0.326111
0.107908 -1.330082 -1.272419 -1.339548
0.058001 -1.247789 -1.238646 -0.790902
0.039608 -1.224410 -1.267370 -0.310158
0.124173 -1.241577 -1.209625 0.212155
0.099335 -1.263333 -1.287776 0.894032
0.111111 -1.323098 -1.225777 1.352740
0.128794 -1.345076 -0.845708 -1.849118
0.013927 -1.309181 -0.972081 -1.388272
0.038936 -1.318054 -0.957793 -0.774104
0.057044 -1.334073 -0.929684 -0.225393
0.041993 -1.272683 -0.941959 0.210101
0.047922 -1.231530 -0.986183 0.779563
0.035215 -1.344895 -0.840557 1.411164
0.119224 -1.341992 -0.854707 1.932354
0.020022 -1.210396 -0.570391 -1.906035
0.071206 -1.231637 -0.512026 -1.366570
0.054466 -1.310189 -0.485170 -0.844638
0.060295 -1.246587 -0.504844 -0.294340
0.112123 -1.211381 -0.525164 0.251499
0.129721 -1.256796 -0.585098 0.886554
0.071108 -1.209245 -0.513080 1.419918
0.041149 -1.238606 -0.516302 1.900774
0.017951 -1.237515 -0.545039 2.427719
0.086712 -1.287036 -0.180736 -2.476611
0.072336 -1.271060 -0.237816 -1.875738
0.035813 -1.308377 -0.124783 -1.438739
0.064832 -1.324193 -0.201609 -0.879173
0.037027 -1.340672 -0.240353 -0.348876
0.061853 -1.203178 -0.261459 0.254049
0.108463 -1.301330 -0.168143 0.749572
0.093192 -1.309613 -0.142927 1.428376
0.075931 -1.329071 -0.121491 1.933729
0.022564 -1.328348 -0.247641 2.392963
0.072557 -1.249145 0.221882 -2.422186
0.062001 -1.236740 0.190072 -1.923942
0.055150 -1.247964 0.139896 -1.383877
0.110684 -1.259079 0.137605 -0.785939
0.102980 -1.338036 0.133060 -0.205657
0.062663 -1.242012 0.230129 0.311025
0.049742 -1.256483 0.182459 0.762875
0.078875 -1.266191 0.238708 1.357007
0.014690 -1.348555 0.135779 1.984578
0.089685 -1.209427 0.187269 2.429791
0.052058 -1.291673 0.592241 -1.917673
0.076849 -1.234739 0.494646 -1.433980
0.086632 -1.240133 0.615174 -0.807263
0.056414 -1.294849 0.489529 -0.257464
0.011419 -1.344005 0.516242 0.233814
0.072292 -1.226525 0.585540 0.831535
0.022955 -1.277549 0.536685 1.440681
0.036372 -1.218057 0.469770 1.962233
0.080293 -1.200967 0.843369 -1.890956
0.043306 -1.298537 0.907715 -1.321774
0.048592 -1.230614 0.971049 -0.746956
0.037892 -1.260897 0.886897 -0.273853
0.057473 -1.195318 0.846626 0.240351
0.015759 -1.260373 0.929476 0.772476
0.082120 -1.331672 0.987787 1.340761
0.127551 -1.288209 0.956217 1.900260
0.071410 -1.224318 1.278471 -1.924623
0.092363 -1.243577 1.245073 -1.321278
0.107193 -1.227285 1.285302 -0.855037
0.109150 -1.226906 1.337915 -0.340112
0.119480 -1.337888 1.242780 0.198501
0.089838 -1.203892 1.212014 0.882170
0.099940 -1.341787 1.338076 1.338842
0.110896 -0.828183 -1.680020 -1.285882
0.051642 -0.924418 -1.587376 -0.873448
0.043494 -0.942934 -1.598295 -0.195856
0.107601 -0.835264 -1.670224 0.218972
0.089826 -0.937355 -1.639936 0.771006
0.082737 -0.882311 -1.689476 1.443490
0.127790 -0.936893 -1.224112 -1.979876
0.069883 -0.939274 -1.231876 -1.308313
0.068322 -0.874565 -1.217460 -0.846495
0.052029 -0.860871 -1.328570 -0.323644
0.039641 -0.940528 -1.241013 0.346849
0.037059 -0.926749 -1.220998 0.800156
0.050286 -0.892797 -1.331820 1.346069
0.120781 -0.832944 -1.286676 1.946028
0.067559 -0.861681 -0.845280 -2.528453
0.030862 -0.945845 -0.904818 -1.880809
0.104108 -0.908603 -0.839832 -1.437343
0.094143 -0.877742 -0.898070 -0.862782
0.111318 -0.861863 -0.947324 -0.193001
0.068504 -0.930438 -0.971232 0.308735
0.054693 -0.915009 -0.935000 0.838729
0.096259 -0.927281 -0.920495 1.353022
0.088386 -0.895932 -0.853690 1.891777
0.061968 -0.976454 -0.852088 2.457777
0.060511 -0.877386 -0.541800 -2.516787
0.109396 -0.935276 -0.600317 -1.986183
0.079350 -0.956131 -0.475309 -1.343375
0.090552 -0.915941 -0.585196 -0.793672
0.102745 -0.896746 -0.588899 -0.324273
0.050960 -0.875527 -0.476464 0.300257
0.042275 -0.831003 -0.541254 0.745817
0.072448 -0.922100 -0.510722 1.343153
0.075786 -0.930262 -0.487965 1.882088
0.042634 -0.962986 -0.569240 2.511570
0.078014 -0.889691 -0.189355 -2.492855
0.077318 -0.980514 -0.161983 -1.845582
0.070859 -0.894521 -0.134308 -1.309667
0.077879 -0.828941 -0.117781 -0.852713
0.104265 -0.922167 -0.128017 -0.283137
0.046734 -0.915003 -0.139429 0.285262
0.065020 -0.928673 -0.225120 0.827671
0.080520 -0.850735 -0.110183 1.356810
0.065489 -0.951056 -0.189270 1.907247
0.116460 -0.932324 -0.219381 2.469772
0.057443 -0.939901 0.109493 -2.474385
0.110751 -0.919602 0.187398 -1.874610
0.078866 -0.969212 0.193130 -1.340951
0.049712 -0.854011 0.121770 -0.783438
0.057691 -0.896341 0.170522 -0.326727
0.061544 -0.909262 0.125834 0.351994
0.083995 -0.870985 0.195305 0.806089
0.066364 -0.853761 0.185223 1.430709
0.089909 -0.891336 0.140090 1.905024
0.065656 -0.927265 0.225818 2.419668
0.066349 -0.872524 0.477770 -2.467304
0.052336 -0.983465 0.618397 -1.870525
0.080652 -0.915734 0.555434 -1.303843
0.072891 -0.951616 0.509921 -0.818305
0.100504 -0.956723 0.557740 -0.247772
0.094612 -0.914349 0.487677 0.327688
0.060948 -0.978829 0.587673 0.819143
0.098153 -0.942983 0.517577 1.399712
0.098355 -0.931401 0.618276 1.872408
0.076585 -0.879345 0.562614 2.411972
0.097471 -0.882758 0.899763 -2.454357
0.068746 -0.930116 0.896904 -1.830983
0.087191 -0.857258 0.915960 -1.349403
0.081961 -0.952364 0.898358 -0.835791
0.075596 -0.923838 0.953561 -0.239292
0.077423 -0.956402 0.911848 0.321726
0.096005 -0.919211 0.883459 0.770710
0.118419 -0.932523 0.888940 1.423422
-0.010754 -0.903606 0.924044 1.900509
0.100339 -0.881794 0.889620 2.389901
0.023120 -0.899088 1.311934 -1.918861
0.042783 -0.956559 1.254368 -1.344101
-0.003884 -0.971418 1.299900 -0.743767
0.047061 -0.869521 1.322151 -0.230862
0.078512 -0.841683 1.281215 0.339733
0.074967 -0.941889 1.310887 0.825019
0.038927 -0.950252 1.296324 1.294515
0.133720 -0.855680 1.221129 1.898794
0.085289 -0.903898 1.578042 -1.431354
0.094993 -0.927583 1.615063 -0.815103
0.046919 -0.940184 1.657545 -0.326999
0.089105 -0.916555 1.687085 0.213238
0.077850 -0.832513 1.654036 0.738247
0.088951 -0.866338 1.675780 1.296590
0.116933 -0.567824 -1.607298 -1.961732
0.046663 -0.534480 -1.583866 -1.334737
0.129001 -0.549079 -1.672086 -0.782493
0.085359 -0.529069 -1.611234 -0.349515
0.061433 -0.483442 -1.685906 0.251280
0.101745 -0.580132 -1.706445 0.854229
0.069512 -0.538181 -1.565113 1.306545
0.083349 -0.539497 -1.703831 1.842526
0.067838 -0.500378 -1.209971 -1.972980
0.063024 -0.599430 -1.311447 -1.424276
0.040320 -0.619501 -1.282442 -0.757292
0.049180 -0.568341 -1.292933 -0.295804
0.064058 -0.572002 -1.268634 0.298901
0.056845 -0.542797 -1.319383 0.761777
0.075831 -0.530724 -1.273505 1.309018
0.024997 -0.559197 -1.258789 1.939419
0.099851 -0.543864 -0.935236 -2.513679
0.059870 -0.483550 -0.893720 -1.831503
0.102504 -0.472785 -0.959715 -1.407105
0.078966 -0.575142 -0.859838 -0.868582
0.070729 -0.486037 -0.941512 -0.211654
0.053008 -0.550405 -0.892333 0.336526
0.099342 -0.615924 -0.942062 0.775725
0.095329 -0.591143 -0.887920 1.402937
0.097260 -0.582988 -0.948594 1.956262
0.070977 -0.542562 -0.982327 2.512934
0.029794 -0.477171 -0.478734 -2.522071
0.084404 -0.608040 -0.555555 -1.945808
0.055483 -0.550724 -0.472814 -1.436741
0.060218 -0.581455 -0.485988 -0.835243
0.088348 -0.475261 -0.537656 -0.222739
0.057995 -0.621584 -0.616059 0.296970
0.060727 -0.610723 -0.609296 0.838806
0.077367 -0.488193 -0.530581 1.302815
0.088148 -0.482920 -0.519578 1.940302
0.111469 -0.502310 -0.526962 2.471919
0.093893 -0.526491 -0.187158 -2.375018
0.097075 -0.475050 -0.248865 -1.852017
0.053791 -0.574667 -0.158462 -1.334818
0.058798 -0.469013 -0.216871 -0.822943
0.074591 -0.563562 -0.107097 -0.220828
0.088358 -0.580365 -0.183651 0.340094
0.075604 -0.622278 -0.190524 0.844124
0.069464 -0.594779 -0.129208 1.373300
0.071504 -0.553265 -0.178084 1.967829
0.026145 -0.583783 -0.252424 2.377908
0.058196 -0.564395 0.192617 -2.462802
0.067562 -0.503727 0.152152 -1.952512
0.095454 -0.471158 0.197219 -1.304496
0.044119 -0.495078 0.161089 -0.786594
0.048623 -0.584422 0.170235 -0.229655
0.065519 -0.492689 0.216169 0.220877
0.069811 -0.559144 0.261629 0.868842
0.032126 -0.486946 0.113389 1.369462
0.058740 -0.567821 0.249051 1.854910
0.160568 -0.502982 0.142520 2.480805
0.145728 -0.545859 0.566976 -2.519938
0.104328 -0.493154 0.548046 -1.879653
0.076223 -0.473570 0.598088 -1.319331
0.090915 -0.558806 0.488789 -0.758740
0.093590 -0.595653 0.538919 -0.234120
0.073131 -0.522981 0.532975 0.254270
0.080227 -0.565266 0.569316 0.752426
0.086673 -0.532330 0.520672 1.336199
0.078489 -0.478873 0.508741 1.981451
0.004939 -0.490503 0.576186 2.395958
0.003939 -0.509329 0.870853 -2.469776
0.080467 -0.617291 0.873914 -1.974939
0.070404 -0.518994 0.881244 -1.385945
0.094721 -0.506058 0.967205 -0.822832
0.077064 -0.550302 0.979466 -0.339470
0.077078 -0.544381 0.983354 0.232598
0.077642 -0.464712 0.959764 0.890638
0.079266 -0.469858 0.965614 1.343371
0.088618 -0.486270 0.948253 1.897405
0.103404 -0.530484 0.854409 2.520221
0.100257 -0.591117 1.314962 -1.873288
0.065138 -0.480942 1.245020 -1.428841
0.106408 -0.615983 1.284222 -0.754862
0.084664 -0.608637 1.220079 -0.196716
0.045307 -0.596294 1.277917 0.292995
0.066726 -0.498060 1.273804 0.888560
0.063084 -0.557045 1.312950 1.381947
0.037816 -0.488207 1.352400 1.935734
0.044869 -0.593333 1.620843 -1.953488
0.108465 -0.538787 1.636280 -1.296985
0.050027 -0.547462 1.630860 -0.757396
0.006611 -0.553102 1.650029 -0.278550
0.054549 -0.537827 1.710919 0.257516
0.113986 -0.480167 1.708802 0.803118
0.040682 -0.492088 1.655929 1.409724
0.071980 -0.611454 1.676303 1.845029
0.076483 -0.491586 1.931047 -0.222784
0.094607 -0.149128 -1.941658 -0.341642
0.033648 -0.101951 -1.971052 0.215958
0.018877 -0.103359 -1.578054 -1.840345
0.144845 -0.130168 -1.688942 -1.285863
0.020961 -0.182315 -1.622802 -0.840247
0.012813 -0.169247 -1.690212 -0.238032
0.066121 -0.239198 -1.679899 0.272943
0.182028 -0.115718 -1.695525 0.852370
0.106306 -0.114798 -1.567004 1.389621
0.022441 -0.129068 -1.567887 1.945602
0.146194 -0.102568 -1.218676 -1.961186
0.066468 -0.128557 -1.266608 -1.356157
0.083146 -0.216748 -1.219258 -0.749185
0.102159 -0.211858 -1.349357 -0.209537
0.094482 -0.255954 -1.269582 0.348351
0.030542 -0.123808 -1.324211 0.861941
0.057886 -0.151574 -1.240847 1.316625
0.119164 -0.165632 -1.317421 1.982051
0.066517 -0.155056 -1.248433 2.446572
0.078810 -0.250966 -0.840774 -2.517976
0.015872 -0.207977 -0.860686 -1.931424
0.052655 -0.259920 -0.887280 -1.426266
0.094940 -0.219584 -0.917666 -0.798688
0.066161 -0.164770 -0.947997 -0.261197
0.079852 -0.126156 -0.947125 0.234692
0.107996 -0.171780 -0.832080 0.859261
0.090651 -0.114372 -0.910239 1.378253
0.092809 -0.138388 -0.893850 1.885993
0.041486 -0.240020 -0.897811 2.531792
0.035897 -0.145354 -0.618106 -2.491751
0.098749 -0.128838 -0.597824 -1.942493
0.062705 -0.236261 -0.479783 -1.345400
0.067787 -0.143294 -0.569714 -0.780128
0.065411 -0.180307 -0.483070 -0.339426
0.096981 -0.258974 -0.618920 0.277382
0.040574 -0.103584 -0.571726 0.868369
0.048164 -0.255182 -0.535928 1.285449
0.063564 -0.168148 -0.593391 1.904444
0.048773 -0.107900 -0.509229 2.423920
0.081194 -0.164998 -0.487204 2.928793
0.106827 -0.198775 -0.243598 -2.934555
0.098612 -0.220996 -0.178113 -2.528258
0.046461 -0.106549 -0.175820 -1.859739
0.054317 -0.258532 -0.191699 -1.302625
0.064048 -0.211209 -0.250448 -0.858921
0.050280 -0.110716 -0.253200 -0.319382
0.090555 -0.233924 -0.224031 0.197450
0.092496 -0.217952 -0.198684 0.844945
0.081496 -0.157397 -0.175681 1.314621
0.094098 -0.165107 -0.212830 1.986335
0.054309 -0.233049 -0.134253 2.514182
0.018626 -0.222726 -0.206745 2.929872
0.042282 -0.213916 0.203657 -2.462985
0.102133 -0.159534 0.148192 -1.926286
0.059351 -0.199156 0.219268 -1.289336
0.076473 -0.255531 0.255933 -0.800831
0.084027 -0.207060 0.112904 -0.236180
0.072709 -0.139092 0.226588 0.320845
0.082475 -0.189048 0.143565 0.771789
0.071684 -0.206175 0.187183 1.416506
0.084479 -0.184953 0.163505 1.849451
-0.010589 -0.241946 0.177335 2.501557
0.060725 -0.240474 0.102429 2.963505
0.114525 -0.239632 0.476524 -2.479766
0.053739 -0.158910 0.591846 -1.931642
0.043356 -0.161586 0.469241 -1.313844
0.070045 -0.115886 0.607670 -0.782631
0.098347 -0.129966 0.554688 -0.276009
0.079264 -0.148227 0.606984 0.303913
0.073147 -0.124056 0.535072 0.820740
0.060328 -0.248356 0.540646 1.315061
0.082359 -0.129110 0.551697 1.874381
0.113984 -0.210184 0.497987 2.508629
0.005273 -0.212853 0.885640 -2.414296
0.111964 -0.109955 0.922336 -1.883860
0.086240 -0.174416 0.943295 -1.309465
0.063519 -0.159587 0.963653 -0.790615
0.058075 -0.154772 0.935322 -0.227303
0.080831 -0.236812 0.983197 0.258996
0.071860 -0.178230 0.923158 0.806348
0.083457 -0.213435 0.979056 1.425537
0.072220 -0.206466 0.875638 1.971183
0.031512 -0.179089 0.851740 2.491464
0.157699 -0.249795 1.202141 -2.519467
0.070472 -0.169042 1.282794 -1.911934
0.060443 -0.236365 1.290938 -1.358373
0.033098 -0.112538 1.313427 -0.880242
0.052842 -0.140346 1.288548 -0.324663
0.055235 -0.135763 1.213274 0.226422
0.061011 -0.189176 1.217172 0.867914
0.035796 -0.168517 1.274841 1.442642
0.067908 -0.189602 1.248486 1.901870
0.099228 -0.186561 1.218004 2.441562
0.073750 -0.134078 1.598849 -1.841693
0.084367 -0.148225 1.656681 -1.396099
0.057262 -0.239703 1.563142 -0.785387
0.119724 -0.251671 1.667735 -0.291778
0.107588 -0.254639 1.631509 0.315831
0.075423 -0.118072 1.626715 0.751126
0.109277 -0.253954 1.615439 1.412122
0.060221 -0.157200 1.654879 1.910326
0.088200 -0.207724 1.956018 -0.820799
0.065582 0.249673 -1.970864 -0.295035
0.108939 0.227751 -1.968934 0.347124
0.174097 0.218165 -1.651274 -1.920687
0.086612 0.135361 -1.681079 -1.377746
0.158804 0.105242 -1.691251 -0.805606
0.014730 0.237516 -1.683033 -0.275534
-0.001174 0.146075 -1.696294 0.285031
0.065253 0.253743 -1.575164 0.778586
0.136938 0.221351 -1.642060 1.367067
0.095772 0.172109 -1.672629 1.849429
-0.020917 0.140536 -1.301998 -1.831777
0.015400 0.203561 -1.267580 -1.423186
0.039704 0.192368 -1.328863 -0.849138
0.090020 0.182373 -1.328919 -0.265439
0.125563 0.198230 -1.328301 0.247109
0.044911 0.222926 -1.275662 0.806114
-0.004487 0.225459 -1.284077 1.345448
0.026899 0.256655 -1.347481 1.874534
0.032076 0.236537 -1.229295 2.488157
0.182945 0.146266 -0.958380 -2.403193
0.042702 0.118768 -0.902052 -1.985349
0.129149 0.111165 -0.988611 -1.384189
0.088212 0.171025 -0.967434 -0.764049
0.060914 0.157161 -0.937997 -0.304061
0.046066 0.206945 -0.908921 0.297805
0.092261 0.184125 -0.973909 0.839372
0.068797 0.115669 -0.856619 1.306672
0.093924 0.192678 -0.900003 1.928281
0.083204 0.118473 -0.848809 2.454339
0.063020 0.250529 -0.547079 -2.524952
0.065531 0.168237 -0.602669 -1.891358
0.079972 0.117811 -0.501476 -1.364630
0.066426 0.177922 -0.476149 -0.761968
0.067025 0.248513 -0.557992 -0.286427
0.100673 0.189865 -0.546254 0.333798
0.060312 0.225502 -0.473808 0.809785
0.062695 0.253793 -0.564042 1.331784
0.064098 0.217679 -0.600775 1.832843
0.049770 0.129877 -0.571777 2.506641
0.143263 0.191217 -0.132502 -2.941460
-0.013557 0.194336 -0.195832 -2.532233
0.091220 0.105251 -0.225626 -1.884683
0.080115 0.121710 -0.261628 -1.363617
0.071206 0.124004 -0.148733 -0.749958
0.056807 0.155186 -0.142122 -0.216383
0.071761 0.155023 -0.132223 0.235295
0.064294 0.124274 -0.191840 0.843054
0.102005 0.191398 -0.219473 1.417544
0.079017 0.248377 -0.206265 1.902240
0.081098 0.152852 -0.206350 2.512613
0.150832 0.259834 0.190486 -2.529648
0.074063 0.220245 0.206990 -1.959117
0.082716 0.247622 0.183239 -1.332355
0.102565 0.189415 0.135833 -0.791531
0.059716 0.121407 0.118637 -0.195856
0.043054 0.200642 0.165434 0.276937
0.065259 0.192308 0.153949 0.847173
0.040288 0.234405 0.190038 1.330241
0.097016 0.169624 0.139866 1.920354
0.067588 0.129914 0.119866 2.430882
0.142474 0.124854 0.253724 2.924933
0.103514 0.203507 0.535644 -2.505609
0.064079 0.191886 0.525856 -1.964053
0.103962 0.122461 0.501901 -1.342513
0.078807 0.251647 0.624759 -0.797404
0.072930 0.172375 0.542913 -0.249759
0.078446 0.195247 0.504170 0.279316
0.057096 0.147562 0.511669 0.859073
0.093449 0.126659 0.480994 1.321255
0.066612 0.237344 0.622869 1.889023
0.090118 0.208819 0.570424 2.431999
0.148738 0.257879 0.970958 -2.451535
0.077560 0.234759 0.958768 -1.898990
0.083435 0.253980 0.900723 -1.364227
0.045438 0.133176 0.856968 -0.877384
0.069321 0.129798 0.963948 -0.293230
0.104486 0.211551 0.973482 0.197809
0.076264 0.201133 0.919250 0.846809
0.079694 0.252209 0.918701 1.326912
0.089647 0.229070 0.860710 1.859304
0.078200 0.236190 0.933356 2.498226
0.032120 0.164282 1.278402 -1.901011
0.074957 0.225946 1.331426 -1.323964
0.101815 0.134879 1.248311 -0.788027
0.011898 0.154757 1.200229 -0.322371
0.024279 0.189788 1.348881 0.274912
0.094922 0.195256 1.250315 0.875048
0.061830 0.248611 1.229225 1.331699
0.092449 0.197433 1.347716 1.890957
0.041413 0.126125 1.200374 2.483811
0.053803 0.162648 1.714051 -1.831433
0.030345 0.171370 1.701163 -1.285324
0.089230 0.125810 1.615287 -0.895634
0.146009 0.145817 1.574167 -0.209283
0.122007 0.150831 1.608591 0.302361
0.045877 0.107962 1.698740 0.809636
0.120558 0.195418 1.654525 1.406746
0.047853 0.193872 1.641262 1.837272
0.034085 0.140645 1.970839 -1.293222
0.099115 0.161759 1.988113 0.874170
0.092357 0.571150 -1.598584 -1.284505
0.091328 0.620795 -1.588170 -0.891382
0.084531 0.499167 -1.579891 -0.261922
0.056344 0.532789 -1.642560 0.239985
0.088887 0.545624 -1.570950 0.820173
0.070223 0.588139 -1.652372 1.370978
0.040073 0.527709 -1.623191 1.872605
0.083558 0.515858 -1.249385 -1.896605
0.048816 0.555470 -1.305779 -1.400138
0.094012 0.543391 -1.327150 -0.758903
0.097818 0.624332 -1.314380 -0.260108
0.053758 0.542563 -1.314068 0.301394
0.023594 0.531665 -1.328329 0.812823
0.099520 0.504385 -1.224322 1.328547
0.103129 0.507281 -1.197517 1.920283
0.070849 0.606852 -1.193081 2.480118
0.100096 0.590242 -0.942488 -2.527956
0.076638 0.549202 -0.969963 -1.926712
0.107548 0.486940 -0.975497 -1.364705
0.088818 0.480037 -0.835082 -0.767306
0.094440 0.533418 -0.838281 -0.286220
0.093392 0.493539 -0.910384 0.276518
0.096157 0.512635 -0.836135 0.796102
0.095052 0.571143 -0.927385 1.432555
0.033316 0.618892 -0.834955 1.961971
0.057880 0.549158 -0.856087 2.530431
0.014907 0.621416 -0.525347 -2.531921
0.098690 0.560792 -0.602592 -1.839073
0.051584 0.489306 -0.515939 -1.423349
0.086110 0.574458 -0.531936 -0.848109
0.069116 0.507197 -0.503913 -0.267760
0.075904 0.562747 -0.520941 0.343277
0.018978 0.599760 -0.467160 0.769235
0.074383 0.623005 -0.550523 1.362287
0.075624 0.576959 -0.607267 1.895543
0.129100 0.545962 -0.533908 2.515395
0.156891 0.515760 -0.202830 -2.502585
0.119588 0.499232 -0.138284 -1.942735
0.062158 0.620771 -0.202978 -1.402597
0.040880 0.576651 -0.201618 -0.847594
0.068145 0.601296 -0.133414 -0.332223
0.080416 0.479127 -0.177703 0.200010
0.079079 0.509516 -0.217114 0.854004
0.083768 0.606286 -0.156770 1.301155
0.052501 0.539075 -0.161383 1.963626
0.095202 0.492192 -0.159696 2.458393
-0.051457 0.472373 0.247649 -2.438677
0.071755 0.545246 0.191801 -1.840833
0.081149 0.521610 0.158323 -1.320592
0.067626 0.510227 0.112469 -0.859667
0.096423 0.568049 0.225597 -0.247028
0.083601 0.569006 0.138317 0.270396
0.058335 0.467291 0.252841 0.852085
0.080427 0.500932 0.228321 1.358719
0.080640 0.605444 0.231070 1.879102
0.105186 0.616816 0.153885 2.432028
0.122974 0.539135 0.529891 -2.516242
0.082226 0.603890 0.544008 -1.914530
0.076574 0.600789 0.574980 -1.287441
0.088660 0.601313 0.601852 -0.759482
0.066226 0.583373 0.586292 -0.306000
0.070631 0.510323 0.509751 0.269426
0.079083 0.578628 0.489987 0.778447
0.051515 0.575244 0.528474 1.335153
0.046431 0.547133 0.529252 1.939217
0.092709 0.554736 0.601994 2.449057
0.016140 0.468964 0.902764 -2.465304
0.017431 0.619945 0.854671 -1.982490
0.112328 0.553528 0.969199 -1.415724
0.037190 0.574982 0.877940 -0.874841
0.086840 0.512000 0.882874 -0.258439
0.061864 0.583580 0.907701 0.270249
0.070542 0.516317 0.889168 0.800410
0.061402 0.568127 0.900533 1.390567
0.079380 0.537399 0.911891 1.927207
0.030367 0.604847 0.914904 2.447549
0.107110 0.469365 1.272105 -1.975412
0.067782 0.475965 1.344101 -1.426231
0.076252 0.596572 1.337891 -0.870822
0.042642 0.502540 1.265481 -0.335851
0.086849 0.517283 1.331231 0.270690
0.039456 0.604147 1.251715 0.811502
0.073636 0.581931 1.277664 1.348931
0.054908 0.550730 1.252550 1.947662
0.041168 0.601693 1.228418 2.413239
0.082770 0.500165 1.626435 -1.875004
0.049093 0.557827 1.665380 -1.322797
0.038041 0.535130 1.624084 -0.844758
0.109266 0.512478 1.561548 -0.342564
-0.008555 0.592794 1.670130 0.255723
0.074001 0.498145 1.557604 0.868016
0.046921 0.504732 1.702540 1.313808
0.063901 0.613726 1.605710 1.976773
0.070863 0.478537 1.925245 -0.893542
0.094926 0.518201 1.927053 0.214253
0.073521 0.935826 -1.707623 -1.409120
0.066331 0.976799 -1.685519 -0.842551
0.075907 0.958401 -1.687233 -0.200404
0.072726 0.892784 -1.611744 0.288199
0.095226 0.865159 -1.644331 0.770929
0.074800 0.931994 -1.703494 1.420482
0.143660 0.903710 -1.290578 -1.914973
0.015249 0.938410 -1.324602 -1.320982
0.037718 0.946989 -1.339827 -0.857005
0.047402 0.969517 -1.337350 -0.206407
0.055604 0.859751 -1.255459 0.348698
0.074502 0.887712 -1.277497 0.810088
0.050477 0.941785 -1.332985 1.309102
0.119434 0.963924 -1.245129 1.927768
0.064952 0.864590 -0.869072 -2.507289
0.032661 0.957124 -0.947711 -1.875483
0.105529 0.857248 -0.945586 -1.368909
0.122757 0.972135 -0.899761 -0.806879
0.072814 0.983344 -0.897978 -0.306291
0.105800 0.973078 -0.922055 0.223895
0.081615 0.856009 -0.856800 0.741044
0.078580 0.968962 -0.873452 1.382130
0.029581 0.832925 -0.968870 1.889466
0.078292 0.956517 -0.534959 -2.431205
0.090948 0.953106 -0.530470 -1.906868
0.102155 0.862664 -0.534502 -1.365125
0.048102 0.869046 -0.467265 -0.775730
0.079070 0.975480 -0.612416 -0.244337
0.065153 0.989228 -0.529454 0.301779
0.091047 0.974607 -0.543664 0.881540
0.063297 0.917023 -0.604021 1.331681
0.065382 0.852533 -0.619600 1.977838
0.056920 0.926293 -0.591118 2.444392
0.099388 0.973437 -0.207783 -2.422804
0.046665 0.920517 -0.130444 -1.862847
0.052278 0.906245 -0.178291 -1.409861
0.075280 0.837799 -0.184934 -0.874387
0.075736 0.850484 -0.162135 -0.324269
0.087650 0.950444 -0.234326 0.220269
0.106982 0.850475 -0.161129 0.777906
0.079116 0.974452 -0.193585 1.433314
0.103267 0.922711 -0.114821 1.859131
0.072143 0.932245 -0.208882 2.396506
0.105931 0.843847 0.238178 -2.395262
0.034987 0.897031 0.196583 -1.911048
0.076107 0.981635 0.164128 -1.407091
0.080664 0.881116 0.164360 -0.780980
0.032091 0.979253 0.253025 -0.291996
0.087973 0.964323 0.229958 0.306819
0.047862 0.931220 0.207799 0.829410
0.074738 0.977990 0.156728 1.299891
0.038022 0.953051 0.207374 1.918068
0.065436 0.946851 0.253106 2.506141
0.002683 0.936354 0.564547 -2.467130
0.047939 0.835705 0.531419 -1.860376
0.081032 0.967758 0.530381 -1.421778
0.068103 0.980187 0.573919 -0.889089
0.047398 0.904957 0.482088 -0.263591
0.057194 0.859466 0.611037 0.211502
0.077048 0.889902 0.504876 0.815853
0.081926 0.873806 0.531804 1.338412
0.095368 0.887394 0.493519 1.860412
0.030365 0.904184 0.523087 2.514615
0.127829 0.867624 0.854764 -2.459500
0.075616 0.870991 0.874181 -1.937612
0.091325 0.978982 0.902356 -1.291211
0.104642 0.830380 0.982202 -0.787611
0.098056 0.969333 0.919613 -0.244925
0.073435 0.870364 0.850202 0.265158
0.069465 0.847110 0.961544 0.812627
0.081779 0.874561 0.923438 1.352663
0.044939 0.904151 0.894838 1.963352
0.054186 0.935348 0.833168 2.510581
0.093471 0.953796 1.308006 -1.906888
0.061145 0.981066 1.340337 -1.423304
0.046110 0.843462 1.295956 -0.885020
0.088649 0.835641 1.316445 -0.284083
0.100184 0.842031 1.268930 0.341626
0.062314 0.843965 1.205816 0.821570
0.064857 0.979768 1.222653 1.332676
0.094237 0.896203 1.248319 1.922705
0.065337 0.880376 1.587166 -1.285294
0.051552 0.890192 1.664795 -0.791992
0.081389 0.901428 1.689847 -0.317141
0.083479 0.837583 1.645842 0.327675
0.087057 0.898947 1.667675 0.812824
0.098879 0.871689 1.634413 1.331959
0.073362 1.242749 -1.335365 -1.343786
0.079991 1.196243 -1.318923 -0.855352
0.102710 1.234839 -1.349091 -0.201470
0.089277 1.346993 -1.210962 0.307607
0.089105 1.297498 -1.348025 0.836984
0.089732 1.208545 -1.257534 1.438407
0.106945 1.290591 -0.866517 -1.950866
0.069385 1.240969 -0.923061 -1.392699
0.081298 1.293666 -0.971259 -0.838642
0.083452 1.256649 -0.864295 -0.219525
0.027375 1.327494 -0.899093 0.326642
0.069235 1.204378 -0.966734 0.751576
0.080432 1.327068 -0.853357 1.350187
0.096922 1.233743 -0.841171 1.836847
0.034150 1.241715 -0.523051 -1.960551
0.041823 1.327982 -0.576503 -1.437054
0.079981 1.266878 -0.547076 -0.779902
0.016477 1.251995 -0.605746 -0.238857
0.049354 1.302837 -0.583787 0.300217
0.046721 1.235006 -0.535175 0.777295
0.054063 1.345312 -0.529756 1.417545
0.026080 1.224346 -0.600119 1.942717
0.093988 1.193990 -0.571747 2.382828
0.010892 1.285959 -0.113611 -2.405947
0.088875 1.211828 -0.193718 -1.961424
0.085138 1.291764 -0.218677 -1.383048
0.102771 1.315488 -0.204895 -0.814777
0.067035 1.220867 -0.193928 -0.226075
0.062803 1.247479 -0.152720 0.217777
0.075696 1.332398 -0.109100 0.743713
0.079144 1.251590 -0.220509 1.427802
0.096502 1.308652 -0.184334 1.987126
0.074234 1.258932 0.175758 -2.515200
0.069559 1.196134 0.174172 -1.944977
0.065288 1.240664 0.118855 -1.353983
0.094469 1.224841 0.215465 -0.763045
0.057181 1.218113 0.109094 -0.249432
0.065820 1.233397 0.213252 0.239270
0.064166 1.198747 0.238384 0.826068
0.048479 1.309101 0.193790 1.336677
0.072493 1.351861 0.180974 1.843502
0.097992 1.205205 0.165790 2.498480
0.036641 1.209777 0.466226 -2.449135
0.095317 1.200341 0.545367 -1.875328
0.058541 1.308625 0.511468 -1.381909
0.050738 1.277173 0.534092 -0.872678
0.077417 1.197990 0.473115 -0.312991
0.089519 1.335521 0.516157 0.209737
0.081026 1.311927 0.520458 0.859201
0.065247 1.293377 0.491927 1.300378
0.074485 1.225412 0.608595 1.889569
0.026661 1.241509 0.528412 2.442798
0.079136 1.274016 0.949766 -1.906503
0.039493 1.338529 0.841362 -1.351542
0.065931 1.305652 0.874814 -0.884158
0.052529 1.245924 0.932765 -0.260154
0.057359 1.275304 0.862713 0.195422
0.073323 1.242829 0.884256 0.834039
0.051461 1.265632 0.851713 1.426059
0.099955 1.228500 0.932563 1.980016
0.020750 1.210910 1.263058 -1.859519
0.076359 1.283615 1.304404 -1.409070
0.115415 1.280649 1.290791 -0.882298
0.105536 1.326250 1.314253 -0.294355
0.116043 1.311971 1.235228 0.256593
0.107416 1.339500 1.218192 0.787397
0.109472 1.324611 1.250642 1.430157
0.064369 1.561961 -0.966158 -1.347964
0.066606 1.706292 -0.967819 -0.892584
0.093663 1.701049 -0.968172 -0.298992
0.049612 1.706173 -0.965948 0.338396
0.093130 1.592015 -0.951651 0.884087
0.063435 1.711780 -0.928467 1.427871
0.052019 1.637559 -0.624477 -1.948791
0.108282 1.568481 -0.618480 -1.429871
0.095646 1.683411 -0.549597 -0.822493
0.090437 1.559005 -0.520058 -0.345405
0.102935 1.693934 -0.600183 0.209956
0.123899 1.597121 -0.548481 0.767813
0.063753 1.612660 -0.504633 1.394056
0.066293 1.561644 -0.583763 1.961225
0.075776 1.682717 -0.200158 -1.982999
0.102728 1.621574 -0.137285 -1.332785
0.006030 1.586949 -0.109711 -0.888724
0.087387 1.590885 -0.242613 -0.314586
0.069163 1.585359 -0.251566 0.225901
0.126807 1.636505 -0.147816 0.797935
0.048893 1.618106 -0.213577 1.386098
0.032463 1.687771 -0.128321 1.849193
0.073117 1.568306 0.232476 -1.944677
0.104565 1.713361 0.136598 -1.342388
0.069088 1.701618 0.156553 -0.741937
0.085900 1.638445 0.132118 -0.290146
0.076094 1.665406 0.256117 0.319725
0.033668 1.686202 0.236281 0.818341
0.095120 1.633976 0.142241 1.317158
0.047315 1.689921 0.140537 1.886283
0.055567 1.699671 0.586996 -1.831863
0.090298 1.712446 0.549803 -1.292369
0.090815 1.572544 0.610180 -0.780820
0.095620 1.580822 0.614772 -0.270125
0.053581 1.648145 0.602072 0.273456
0.085116 1.656754 0.508149 0.759745
0.068118 1.706480 0.510981 1.432789
0.070192 1.579890 0.466642 1.856602
0.069973 1.565065 0.856786 -1.431163
0.080448 1.708800 0.955639 -0.738739
0.045685 1.610329 0.885461 -0.260512
0.062567 1.675630 0.987244 0.261651
0.077628 1.580346 0.969263 0.873850
0.082645 1.625148 0.829504 1.410484
0.079633 1.942870 -0.193887 -0.876941
0.093782 1.929986 -0.130690 0.212473
0.070314 1.947398 -0.232261 1.378934
0.039835 1.923050 0.112108 -0.861208
0.073033 1.934144 0.223826 -0.298376
0.068263 1.980394 0.259322 0.777801
0.028566 1.927820 0.505202 0.257224
