-0.827497 -0.777926 -0.776249
-0.757610 -0.770996 -0.597780
-0.851541 -0.829593 -0.474763
-0.797209 -0.777864 -0.287641
-0.845061 -0.842680 -0.071950
-0.838275 -0.805439 0.056119
-0.825390 -0.774697 0.280277
-0.828881 -0.781647 0.476057
-0.829756 -0.824000 0.635294
-0.827126 -0.826993 0.851680
-0.760408 -0.577508 -0.767841
-0.762716 -0.603673 -0.672212
-0.790078 -0.585222 -0.494059
-0.847812 -0.613864 -0.293178
-0.812421 -0.603840 -0.122733
-0.780954 -0.591677 0.064224
-0.843987 -0.621126 0.264552
-0.755450 -0.608153 0.408017
-0.784829 -0.616742 0.651958
-0.844374 -0.645960 0.755690
-0.779403 -0.456419 -0.773512
-0.819414 -0.401539 -0.663652
-0.757225 -0.434950 -0.420884
-0.810373 -0.466265 -0.264219
-0.842954 -0.432983 -0.048827
-0.852487 -0.448816 0.136588
-0.838414 -0.485528 0.296332
-0.802716 -0.447318 0.399236
-0.847066 -0.416454 0.585013
-0.838820 -0.415814 0.828523
-0.784959 -0.286138 -0.789408
-0.800768 -0.262159 -0.673375
-0.839364 -0.238318 -0.430713
-0.778835 -0.290081 -0.268945
-0.800171 -0.248848 -0.096539
-0.845429 -0.313243 0.129565
-0.794688 -0.258746 0.219525
-0.795935 -0.279855 0.475676
-0.803664 -0.313619 0.674205
-0.843969 -0.302413 0.822616
-0.777276 -0.050541 -0.763189
-0.761786 -0.123487 -0.628790
-0.800454 -0.112631 -0.465260
-0.803806 -0.127344 -0.238643
-0.852217 -0.127343 -0.093569
-0.832865 -0.100128 0.105495
-0.771399 -0.102194 0.306018
-0.837588 -0.045434 0.476076
-0.792381 -0.102399 0.597422
-0.844533 -0.109922 0.827495
-0.810051 0.053528 -0.823599
-0.761243 0.078177 -0.624519
-0.767864 0.131798 -0.399271
-0.810099 0.113661 -0.287864
-0.822437 0.098935 -0.059444
-0.806604 0.110412 0.039813
-0.768061 0.042549 0.219159
-0.810573 0.088130 0.440206
-0.814791 0.109492 0.599481
-0.807206 0.129400 0.756588
-0.765057 0.284494 -0.777747
-0.828513 0.303609 -0.582405
-0.853794 0.293501 -0.420601
-0.756150 0.304405 -0.241272
-0.762079 0.285371 -0.065751
-0.799176 0.223098 0.098876
-0.806211 0.273941 0.281942
-0.758639 0.310436 0.488124
-0.829544 0.242696 0.672537
-0.844353 0.260633 0.762830
-0.831585 0.452678 -0.791182
-0.809809 0.496311 -0.596742
-0.824836 0.476158 -0.469151
-0.852384 0.478338 -0.292955
-0.822587 0.468446 -0.111883
-0.787841 0.444719 0.103344
-0.765857 0.452533 0.245176
-0.849916 0.412020 0.442176
-0.825209 0.480549 0.623988
-0.806324 0.458522 0.849393
-0.834050 0.613809 -0.763855
-0.835409 0.581539 -0.636846
-0.828230 0.600445 -0.464430
-0.838585 0.576592 -0.248627
-0.783317 0.584748 -0.069357
-0.771589 0.661057 0.115002
-0.771431 0.581499 0.282009
-0.831118 0.578598 0.418549
-0.770641 0.671220 0.663081
-0.782233 0.579342 0.792616
-0.821346 0.774106 -0.784834
-0.806613 0.767202 -0.597405
-0.768555 0.770842 -0.440119
-0.831834 0.789565 -0.279275
-0.799937 0.800929 -0.094640
-0.808557 0.826676 0.101652
-0.834896 0.760328 0.259965
-0.823432 0.823525 0.438961
-0.815480 0.806439 0.628906
-0.814859 0.831026 0.776212
-0.585062 -0.823372 -0.839780
-0.635852 -0.804941 -0.672868
-0.664107 -0.774790 -0.429745
-0.658100 -0.795812 -0.278557
-0.606477 -0.819606 -0.122913
-0.674716 -0.767245 0.059570
-0.661823 -0.801745 0.298867
-0.593423 -0.808917 0.463506
-0.602498 -0.774104 0.600157
-0.641237 -0.803175 0.764915
-0.662318 -0.584300 -0.827368
-0.646215 -0.591958 -0.663706
-0.629451 -0.614570 -0.447613
-0.634262 -0.654179 -0.260302
-0.634565 -0.634956 -0.055290
-0.579889 -0.614430 0.133467
-0.638713 -0.658723 0.313529
-0.654440 -0.642530 0.404971
-0.652118 -0.629775 0.580841
-0.614886 -0.590871 0.842174
-0.653041 -0.494001 -0.775038
-0.616126 -0.401090 -0.673714
-0.592690 -0.461262 -0.421886
-0.616598 -0.441535 -0.219690
-0.607418 -0.427217 -0.119702
-0.627917 -0.433670 0.091395
-0.675747 -0.482503 0.253712
-0.633801 -0.429512 0.404725
-0.652630 -0.479113 0.663589
-0.581109 -0.453361 0.757054
-0.639844 -0.267263 -0.758950
-0.623019 -0.246125 -0.653777
-0.620717 -0.292448 -0.465726
-0.580869 -0.308394 -0.291586
-0.630380 -0.277928 -0.063627
-0.617862 -0.289609 0.104672
-0.650065 -0.291549 0.309249
-0.577680 -0.274641 0.427167
-0.628876 -0.314125 0.672548
-0.644923 -0.254220 0.839604
-0.581018 -0.045984 -0.774928
-0.598355 -0.134963 -0.605989
-0.646920 -0.051793 -0.450754
-0.605902 -0.078691 -0.291210
-0.591540 -0.111408 -0.097551
-0.627499 -0.099856 0.073882
-0.583208 -0.126393 0.264168
-0.592016 -0.138493 0.428408
-0.615009 -0.064477 0.675031
-0.644765 -0.121440 0.800659
-0.605852 0.050439 -0.794926
-0.671171 0.099202 -0.651329
-0.599818 0.054794 -0.420025
-0.663136 0.057676 -0.261093
-0.674838 0.049147 -0.047124
-0.673185 0.060517 0.062593
-0.632488 0.064001 0.285038
-0.645971 0.134797 0.404755
-0.621223 0.084939 0.637242
-0.674501 0.086523 0.784512
-0.655018 0.253794 -0.776244
-0.628831 0.303118 -0.632605
-0.601515 0.277594 -0.470042
-0.651614 0.251048 -0.312891
-0.621216 0.246595 -0.129121
-0.629342 0.271109 0.119440
-0.589851 0.246146 0.283261
-0.598474 0.226229 0.422284
-0.609018 0.220594 0.633013
-0.581999 0.244768 0.849842
-0.625915 0.468294 -0.828922
-0.643053 0.425709 -0.599433
-0.587254 0.424499 -0.421322
-0.590215 0.475075 -0.244960
-0.608037 0.452151 -0.067803
-0.663062 0.410611 0.113067
-0.621013 0.465423 0.295732
-0.607694 0.464005 0.446746
-0.580476 0.444271 0.609793
-0.600271 0.469138 0.832318
-0.602859 0.663272 -0.783273
-0.580587 0.648634 -0.630991
-0.610852 0.625632 -0.440979
-0.592426 0.658506 -0.269587
-0.627460 0.595769 -0.131778
-0.668200 0.674894 0.086259
-0.594484 0.629492 0.246224
-0.669233 0.593310 0.477769
-0.620734 0.637531 0.637753
-0.598608 0.586193 0.764510
-0.671949 0.812172 -0.838587
-0.648719 0.815570 -0.607998
-0.619330 0.760323 -0.484236
-0.630290 0.812530 -0.238169
-0.631881 0.819906 -0.066465
-0.581540 0.853851 0.056535
-0.662044 0.834153 0.224909
-0.622309 0.794404 0.485989
-0.584182 0.817840 0.612407
-0.631989 0.816901 0.818376
-0.496800 -0.832218 -0.788335
-0.469923 -0.764774 -0.594541
-0.488236 -0.762367 -0.486275
-0.420458 -0.811083 -0.262014
-0.403994 -0.781250 -0.101067
-0.479042 -0.845672 0.129285
-0.436934 -0.782757 0.225646
-0.429332 -0.833999 0.488164
-0.458694 -0.759722 0.610609
-0.400045 -0.794637 0.774987
-0.496570 -0.582421 -0.810105
-0.453052 -0.586866 -0.582755
-0.425943 -0.623269 -0.450906
-0.443823 -0.603148 -0.306114
-0.408871 -0.659699 -0.046716
-0.496319 -0.628237 0.127485
-0.488528 -0.607595 0.296530
-0.454116 -0.591437 0.408773
-0.413937 -0.670777 0.671531
-0.435304 -0.630205 0.797780
-0.399993 -0.492226 -0.853993
-0.448478 -0.475038 -0.643373
-0.404332 -0.408318 -0.429787
-0.448315 -0.442708 -0.297257
-0.492431 -0.470907 -0.049972
-0.484244 -0.451439 0.060295
-0.441021 -0.459129 0.254105
-0.425708 -0.471583 0.429824
-0.465632 -0.457730 0.605285
-0.467454 -0.454692 0.782119
-0.486878 -0.286994 -0.834012
-0.424567 -0.308317 -0.601936
-0.405993 -0.311491 -0.479028
-0.486722 -0.316849 -0.227210
-0.440062 -0.261570 -0.075917
-0.435933 -0.268396 0.044384
-0.409176 -0.300943 0.281624
-0.407210 -0.233263 0.455222
-0.470099 -0.283799 0.591621
-0.435169 -0.243861 0.781459
-0.415735 -0.043915 -0.764451
-0.450536 -0.123636 -0.672279
-0.419728 -0.043184 -0.461738
-0.480192 -0.127800 -0.299334
-0.465841 -0.047957 -0.132675
-0.398691 -0.067224 0.042495
-0.407291 -0.099007 0.258651
-0.427949 -0.121655 0.456962
-0.491656 -0.089827 0.664954
-0.400815 -0.069704 0.801002
-0.409097 0.130494 -0.791011
-0.458886 0.102366 -0.649292
-0.428152 0.041321 -0.405678
-0.404877 0.137448 -0.292151
-0.459069 0.139436 -0.101871
-0.464145 0.050945 0.095262
-0.398014 0.085245 0.249732
-0.484431 0.069651 0.438900
-0.492362 0.111447 0.611784
-0.486160 0.121884 0.824317
-0.417856 0.307410 -0.835176
-0.438577 0.268684 -0.617385
-0.475025 0.288566 -0.482181
-0.403975 0.295464 -0.282117
-0.418658 0.246648 -0.110368
-0.470207 0.260371 0.065936
-0.476565 0.255182 0.253428
-0.471116 0.313454 0.420279
-0.477281 0.238660 0.634366
-0.494232 0.270704 0.811628
-0.399306 0.457320 -0.793301
-0.473300 0.484070 -0.580438
-0.487845 0.425854 -0.423913
-0.449967 0.423364 -0.266331
-0.493996 0.435849 -0.056440
-0.432105 0.489801 0.121141
-0.474025 0.491885 0.223978
-0.427592 0.407228 0.441905
-0.434696 0.491662 0.674663
-0.437529 0.493922 0.839531
-0.441505 0.621834 -0.762329
-0.419968 0.631218 -0.589132
-0.445741 0.599506 -0.444425
-0.404989 0.591148 -0.294733
-0.488634 0.625969 -0.040615
-0.469020 0.609103 0.125181
-0.456561 0.652035 0.305427
-0.435682 0.632206 0.459060
-0.472512 0.650006 0.646551
-0.441660 0.629542 0.825795
-0.477040 0.793775 -0.756779
-0.476220 0.802876 -0.635407
-0.418252 0.788448 -0.448067
-0.452791 0.813526 -0.314870
-0.478586 0.762172 -0.112375
-0.411185 0.763606 0.058028
-0.493659 0.809453 0.232541
-0.456478 0.848731 0.437137
-0.397718 0.845534 0.633946
-0.449803 0.851139 0.801012
-0.287814 -0.758763 -0.778644
-0.311193 -0.812655 -0.607193
-0.257202 -0.782434 -0.401145
-0.312905 -0.783090 -0.278409
-0.264740 -0.789135 -0.121878
-0.310470 -0.787359 0.083532
-0.269049 -0.803549 0.244121
-0.236453 -0.848661 0.488913
-0.273347 -0.819824 0.656106
-0.298884 -0.789657 0.767547
-0.311953 -0.606889 -0.774000
-0.258112 -0.650654 -0.666048
-0.223621 -0.590536 -0.406014
-0.252378 -0.608009 -0.265262
-0.304619 -0.628624 -0.075683
-0.289441 -0.673984 0.087736
-0.306041 -0.623711 0.268097
-0.298123 -0.619072 0.468369
-0.228259 -0.637479 0.675826
-0.270908 -0.585024 0.836883
-0.301807 -0.414381 -0.801109
-0.285495 -0.493022 -0.653969
-0.274979 -0.452470 -0.468659
-0.298679 -0.485193 -0.219608
-0.292954 -0.462194 -0.062355
-0.243609 -0.422632 0.125090
-0.255883 -0.436885 0.280111
-0.266306 -0.434358 0.445462
-0.232242 -0.448361 0.655976
-0.230249 -0.434677 0.835639
-0.272687 -0.299732 -0.762226
-0.278434 -0.310260 -0.586389
-0.292120 -0.266095 -0.444816
-0.279187 -0.279957 -0.248017
-0.306937 -0.235367 -0.051898
-0.276988 -0.257328 0.128183
-0.262519 -0.290639 0.225248
-0.273571 -0.243747 0.417811
-0.280090 -0.227734 0.601875
-0.302855 -0.256898 0.798769
-0.264586 -0.055101 -0.783943
-0.222028 -0.126847 -0.590246
-0.256350 -0.117458 -0.414358
-0.241074 -0.130036 -0.236218
-0.294171 -0.104641 -0.053080
-0.263015 -0.133054 0.088944
-0.238146 -0.118598 0.301331
-0.224620 -0.093035 0.425367
-0.307045 -0.118021 0.620726
-0.287710 -0.073653 0.788827
-0.248649 0.056153 -0.826557
-0.265596 0.093723 -0.653147
-0.293639 0.112204 -0.485011
-0.294636 0.045546 -0.238032
-0.291619 0.042501 -0.101387
-0.293842 0.119701 0.126903
-0.287951 0.062193 0.224262
-0.245483 0.082669 0.404273
-0.247794 0.087040 0.676258
-0.239832 0.124646 0.813328
-0.248115 0.266464 -0.796720
-0.256004 0.305174 -0.621158
-0.237177 0.239818 -0.427210
-0.261146 0.312447 -0.297413
-0.236951 0.259282 -0.114439
-0.299069 0.243242 0.102843
-0.246720 0.294469 0.268060
-0.226112 0.314260 0.445192
-0.272066 0.311813 0.669812
-0.249058 0.226331 0.830420
-0.286506 0.496834 -0.846438
-0.228538 0.448331 -0.598814
-0.253114 0.489495 -0.421470
-0.243376 0.476537 -0.264521
-0.257068 0.466677 -0.068312
-0.252611 0.426394 0.108827
-0.318176 0.450406 0.273274
-0.264798 0.403913 0.473817
-0.230477 0.472646 0.612009
-0.262432 0.430325 0.851858
-0.288872 0.606589 -0.801756
-0.313006 0.630356 -0.639592
-0.273335 0.635873 -0.406635
-0.239107 0.638632 -0.298938
-0.232125 0.612124 -0.130054
-0.262790 0.606090 0.092040
-0.242813 0.596502 0.318198
-0.315603 0.670101 0.468253
-0.309556 0.674680 0.649751
-0.265481 0.646360 0.820498
-0.245591 0.760391 -0.809676
-0.281085 0.829357 -0.662983
-0.311774 0.854051 -0.449028
-0.275667 0.807079 -0.315959
-0.254522 0.788002 -0.068549
-0.272281 0.847438 0.067615
-0.309313 0.799647 0.287855
-0.275986 0.768036 0.427259
-0.315255 0.764764 0.670712
-0.270698 0.853463 0.761213
-0.110883 -0.803847 -0.801980
-0.116239 -0.791989 -0.656925
-0.126427 -0.841169 -0.426338
-0.080639 -0.850942 -0.243784
-0.088066 -0.772043 -0.093702
-0.090581 -0.772323 0.117677
-0.070341 -0.812313 0.275452
-0.122020 -0.768576 0.420096
-0.050014 -0.764187 0.588125
-0.077862 -0.843301 0.801815
-0.053245 -0.611132 -0.794863
-0.055616 -0.667763 -0.642925
-0.088021 -0.664337 -0.448128
-0.058642 -0.594912 -0.267090
-0.106597 -0.663513 -0.119474
-0.130669 -0.593863 0.114144
-0.103062 -0.616397 0.255104
-0.073696 -0.591383 0.399376
-0.039755 -0.638880 0.646115
-0.100448 -0.630918 0.853788
-0.129018 -0.495126 -0.761151
-0.052530 -0.434813 -0.656362
-0.063840 -0.467523 -0.482679
-0.084153 -0.401889 -0.302503
-0.062381 -0.480918 -0.094875
-0.110796 -0.399919 0.047701
-0.126859 -0.407795 0.291715
-0.077600 -0.494796 0.493564
-0.068933 -0.415706 0.597542
-0.081946 -0.485930 0.819636
-0.095381 -0.276378 -0.779229
-0.113680 -0.264529 -0.672998
-0.090740 -0.280953 -0.428583
-0.089512 -0.248820 -0.304685
-0.132282 -0.241684 -0.081928
-0.062091 -0.238703 0.074236
-0.075332 -0.231453 0.223593
-0.078595 -0.247252 0.426388
-0.090892 -0.248432 0.638173
-0.109321 -0.242761 0.802207
-0.102036 -0.130680 -0.836361
-0.052793 -0.119391 -0.636617
-0.066343 -0.129622 -0.411800
-0.089563 -0.132810 -0.316863
-0.063584 -0.054482 -0.073661
-0.100122 -0.085509 0.090146
-0.063986 -0.129591 0.262926
-0.044187 -0.082209 0.400410
-0.100209 -0.112266 0.668056
-0.131814 -0.132468 0.823547
-0.112535 0.118419 -0.814290
-0.064383 0.130941 -0.604095
-0.047009 0.126601 -0.435146
-0.077375 0.106643 -0.302512
-0.084887 0.125898 -0.053873
-0.106703 0.120492 0.053632
-0.114375 0.055051 0.303662
-0.086227 0.111816 0.475538
-0.103124 0.134643 0.667818
-0.046837 0.107005 0.762179
-0.078942 0.276978 -0.777374
-0.043136 0.275580 -0.605519
-0.108880 0.269604 -0.489440
-0.070024 0.315839 -0.247182
-0.092946 0.227022 -0.120585
-0.121292 0.219699 0.044161
-0.074716 0.258979 0.222090
-0.116923 0.280930 0.456476
-0.106512 0.287965 0.627718
-0.042362 0.274651 0.787577
-0.113636 0.474793 -0.825927
-0.070536 0.430387 -0.579956
-0.114880 0.459324 -0.464695
-0.092507 0.494639 -0.313567
-0.101812 0.447724 -0.047309
-0.066357 0.401879 0.122119
-0.096852 0.459237 0.253681
-0.050568 0.492988 0.418823
-0.059552 0.467519 0.605997
-0.128577 0.405440 0.821917
-0.117469 0.630516 -0.794954
-0.075314 0.577575 -0.588407
-0.107584 0.624657 -0.449609
-0.077576 0.664960 -0.258164
-0.066082 0.602559 -0.135275
-0.039736 0.671175 0.051823
-0.129029 0.611362 0.220061
-0.104081 0.589969 0.401980
-0.115533 0.615387 0.632148
-0.099401 0.644729 0.830906
-0.109893 0.755861 -0.826816
-0.105309 0.854114 -0.619549
-0.063172 0.823929 -0.493567
-0.138929 0.814513 -0.315260
-0.090883 0.829188 -0.103027
-0.102765 0.797938 0.109010
-0.064766 0.846862 0.304846
-0.083254 0.824088 0.459214
-0.126367 0.826422 0.668908
-0.059706 0.766026 0.789327
0.047966 -0.829488 -0.789395
0.118990 -0.819755 -0.673064
0.047235 -0.839286 -0.429311
0.082675 -0.838132 -0.292266
0.086370 -0.784353 -0.108906
0.086283 -0.844320 0.089908
0.043702 -0.784455 0.284112
0.043452 -0.757446 0.441849
0.110462 -0.763275 0.666714
0.116386 -0.790159 0.825809
0.091842 -0.654854 -0.802676
0.059981 -0.615744 -0.605842
0.089928 -0.605202 -0.422089
0.082242 -0.637742 -0.267579
0.106393 -0.633810 -0.115119
0.044622 -0.671783 0.123841
0.116009 -0.629269 0.287834
0.124745 -0.638074 0.481048
0.077948 -0.672061 0.647572
0.047387 -0.601275 0.851132
0.112844 -0.431104 -0.849936
0.056995 -0.445208 -0.583656
0.103901 -0.410417 -0.445746
0.055700 -0.403375 -0.218532
0.056859 -0.460865 -0.074272
0.115880 -0.404640 0.121076
0.059195 -0.439891 0.247715
0.098176 -0.410442 0.445295
0.114451 -0.422588 0.603167
0.137997 -0.440920 0.812595
0.120537 -0.220616 -0.792134
0.047726 -0.241131 -0.598344
0.122078 -0.276257 -0.410598
0.057822 -0.226201 -0.245432
0.111507 -0.253899 -0.132467
0.120584 -0.310998 0.125447
0.120249 -0.312323 0.309308
0.107612 -0.242584 0.429744
0.085114 -0.261344 0.660455
0.105524 -0.309207 0.835339
0.061809 -0.104024 -0.853831
0.109077 -0.060605 -0.648738
0.129096 -0.087779 -0.469209
0.126979 -0.132319 -0.249339
0.049663 -0.067459 -0.105559
0.080931 -0.058847 0.117345
0.051901 -0.125375 0.308780
0.078198 -0.050405 0.493111
0.129153 -0.066746 0.618142
0.128243 -0.132968 0.764532
0.069972 0.052478 -0.817796
0.052325 0.056429 -0.652348
0.085592 0.115899 -0.416956
0.052122 0.079180 -0.286725
0.091798 0.126311 -0.099711
0.040800 0.051653 0.128893
0.133583 0.122625 0.255238
0.079111 0.080999 0.492748
0.108738 0.093640 0.640508
0.094918 0.045934 0.771741
0.067167 0.243962 -0.844252
0.092329 0.287124 -0.632945
0.065453 0.316099 -0.421529
0.131600 0.262471 -0.241972
0.076909 0.241621 -0.099762
0.104984 0.224887 0.103041
0.137126 0.312585 0.238536
0.041550 0.253387 0.482343
0.047140 0.256066 0.627425
0.135763 0.289206 0.824078
0.050697 0.411588 -0.822027
0.135832 0.411534 -0.655400
0.122504 0.474503 -0.462183
0.071092 0.492766 -0.280101
0.071730 0.453309 -0.048409
0.081964 0.423907 0.102082
0.131795 0.446042 0.234570
0.104046 0.452440 0.424873
0.052647 0.417339 0.671155
0.121776 0.488163 0.769079
0.053464 0.604410 -0.776380
0.095750 0.624055 -0.671176
0.111494 0.619107 -0.415580
0.135302 0.623555 -0.291635
0.077677 0.659288 -0.132427
0.073823 0.628707 0.139093
0.135577 0.624602 0.218754
0.090882 0.652187 0.412475
0.084181 0.653264 0.655391
0.095296 0.672835 0.829154
0.135714 0.812609 -0.770081
0.080363 0.829209 -0.598983
0.135304 0.828487 -0.398894
0.070255 0.811238 -0.267082
0.138753 0.768546 -0.092392
0.043245 0.839795 0.131705
0.040076 0.845942 0.282265
0.081066 0.782304 0.404121
0.048500 0.771196 0.601616
0.119474 0.851222 0.794475
0.303756 -0.782436 -0.813356
0.251775 -0.832367 -0.611050
0.310341 -0.816004 -0.461133
0.231986 -0.840374 -0.302463
0.250197 -0.824085 -0.063460
0.235104 -0.849851 0.069812
0.245190 -0.841557 0.302988
0.258254 -0.837839 0.401799
0.302244 -0.805639 0.597565
0.255300 -0.771051 0.818489
0.310216 -0.634891 -0.786304
0.316808 -0.600173 -0.604627
0.235967 -0.585811 -0.449503
0.292592 -0.593842 -0.285016
0.254589 -0.659913 -0.138989
0.278896 -0.640953 0.099729
0.228920 -0.654515 0.225238
0.233715 -0.651962 0.419648
0.286155 -0.670418 0.620828
0.261173 -0.666242 0.844427
0.245843 -0.488288 -0.804989
0.318209 -0.424769 -0.640827
0.296326 -0.455767 -0.469329
0.317208 -0.417250 -0.251524
0.257018 -0.422419 -0.111213
0.259092 -0.405853 0.081731
0.280248 -0.412170 0.241834
0.308829 -0.449995 0.476485
0.317205 -0.470514 0.673673
0.275252 -0.458531 0.844748
0.243701 -0.281114 -0.809868
0.288309 -0.294644 -0.623251
0.316766 -0.301341 -0.418506
0.311426 -0.220996 -0.270957
0.293637 -0.314859 -0.071204
0.265527 -0.239163 0.068591
0.274919 -0.298348 0.254358
0.314097 -0.233017 0.436499
0.220405 -0.313793 0.636346
0.226327 -0.251620 0.808428
0.262031 -0.082989 -0.846209
0.223671 -0.068213 -0.590959
0.258426 -0.080207 -0.448763
0.315333 -0.084712 -0.283770
0.256058 -0.120478 -0.109234
0.295867 -0.128468 0.063860
0.263653 -0.048900 0.301005
0.282045 -0.109368 0.399209
0.224624 -0.078041 0.663447
0.265062 -0.044086 0.854258
0.275751 0.096546 -0.843448
0.219222 0.123282 -0.653010
0.316298 0.105803 -0.430717
0.268623 0.059399 -0.242017
0.292898 0.047443 -0.133857
0.273664 0.135290 0.067102
0.269592 0.065075 0.291165
0.228110 0.089699 0.400032
0.288164 0.111009 0.601843
0.231691 0.099971 0.779927
0.253642 0.310354 -0.853666
0.268656 0.220096 -0.629377
0.258763 0.276720 -0.425668
0.250780 0.304533 -0.243969
0.313890 0.228440 -0.088463
0.315708 0.258727 0.057562
0.220398 0.270308 0.224043
0.285492 0.236936 0.450725
0.237397 0.312807 0.581794
0.295250 0.275581 0.847257
0.305473 0.438210 -0.803721
0.226368 0.466506 -0.613669
0.291259 0.459407 -0.479996
0.302229 0.443085 -0.232789
0.232781 0.445790 -0.095671
0.267949 0.485387 0.078679
0.259017 0.436016 0.293271
0.301110 0.445664 0.439772
0.268161 0.435942 0.655133
0.235831 0.420917 0.792784
0.270770 0.587398 -0.806636
0.281708 0.621446 -0.673395
0.256570 0.663507 -0.459942
0.218679 0.592576 -0.253308
0.223232 0.607502 -0.090622
0.303394 0.582269 0.134693
0.313346 0.593297 0.238453
0.296213 0.642874 0.466484
0.276459 0.657523 0.654411
0.268897 0.668827 0.791688
0.237841 0.807659 -0.772603
0.253303 0.780743 -0.658355
0.317384 0.781227 -0.493937
0.246435 0.836009 -0.255864
0.238099 0.836140 -0.133458
0.265710 0.826991 0.130550
0.290156 0.851400 0.293383
0.281929 0.790370 0.473611
0.266149 0.759847 0.650552
0.294173 0.803900 0.822860
0.410542 -0.770009 -0.841507
0.474704 -0.817831 -0.587101
0.402317 -0.792372 -0.448521
0.404560 -0.836512 -0.274647
0.464547 -0.830580 -0.083153
0.489556 -0.776628 0.095219
0.492479 -0.825155 0.298944
0.398748 -0.850518 0.436314
0.472197 -0.769718 0.623980
0.451748 -0.817364 0.817637
0.427545 -0.621136 -0.817216
0.412299 -0.650579 -0.595847
0.453809 -0.615566 -0.402826
0.430280 -0.607599 -0.290744
0.434033 -0.588371 -0.134787
0.417968 -0.579374 0.129850
0.496449 -0.654026 0.259702
0.438124 -0.616609 0.405267
0.428576 -0.663056 0.579926
0.424344 -0.654486 0.768020
0.423205 -0.473935 -0.786863
0.483695 -0.416867 -0.645265
0.437173 -0.435504 -0.433246
0.425881 -0.454771 -0.314678
0.485342 -0.397529 -0.087678
0.405454 -0.408557 0.070419
0.414242 -0.431157 0.293544
0.474302 -0.419104 0.492320
0.467664 -0.433865 0.600202
0.492732 -0.444403 0.834930
0.471752 -0.258853 -0.804262
0.413614 -0.257747 -0.585891
0.419835 -0.230360 -0.439452
0.429143 -0.305437 -0.220508
0.488022 -0.241770 -0.118685
0.400747 -0.269999 0.109180
0.404895 -0.226998 0.231965
0.483852 -0.249470 0.476446
0.467663 -0.240437 0.618658
0.467113 -0.253007 0.808209
0.459556 -0.105310 -0.755303
0.472069 -0.115071 -0.600765
0.473057 -0.057490 -0.460754
0.480409 -0.088277 -0.249370
0.397865 -0.137157 -0.094820
0.497219 -0.039656 0.137535
0.408916 -0.041298 0.279754
0.451305 -0.078390 0.422083
0.419956 -0.080749 0.592372
0.426054 -0.115022 0.769133
0.431021 0.044885 -0.805990
0.469237 0.095461 -0.624369
0.423296 0.060836 -0.430288
0.430058 0.087050 -0.292233
0.428997 0.074755 -0.069395
0.453303 0.045494 0.074822
0.406382 0.122218 0.302767
0.419659 0.139165 0.451136
0.411178 0.090139 0.627999
0.443683 0.090898 0.777941
0.410320 0.260500 -0.834780
0.454523 0.301491 -0.598484
0.417689 0.313777 -0.409412
0.432294 0.233408 -0.306858
0.465191 0.277447 -0.117684
0.417235 0.289352 0.083148
0.458602 0.309102 0.243161
0.496053 0.292057 0.405745
0.427494 0.310372 0.612451
0.463566 0.278405 0.835581
0.424659 0.420893 -0.822953
0.451505 0.438708 -0.581821
0.413036 0.496421 -0.429738
0.470398 0.458836 -0.280828
0.442771 0.447147 -0.052713
0.430338 0.446405 0.129044
0.492189 0.435053 0.225798
0.453568 0.478953 0.404032
0.424702 0.454342 0.617140
0.402943 0.407727 0.786228
0.405097 0.583016 -0.796291
0.397542 0.662627 -0.645639
0.422051 0.644995 -0.422883
0.430564 0.627008 -0.224747
0.495110 0.580890 -0.129047
0.440997 0.650647 0.062876
0.483523 0.593027 0.309967
0.403615 0.608611 0.430937
0.481520 0.632175 0.592033
0.425677 0.608441 0.786518
0.446104 0.803352 -0.812420
0.414253 0.809799 -0.667904
0.462122 0.795850 -0.481463
0.489295 0.805431 -0.295814
0.449469 0.787405 -0.116923
0.472306 0.792647 0.084743
0.465900 0.759539 0.288942
0.496935 0.838804 0.481426
0.421123 0.797592 0.621834
0.415698 0.791656 0.814178
0.599583 -0.822967 -0.842958
0.654425 -0.835939 -0.670937
0.643569 -0.784451 -0.425786
0.606004 -0.793967 -0.219071
0.594584 -0.812765 -0.128463
0.641578 -0.773409 0.104911
0.641091 -0.780553 0.292421
0.588932 -0.784812 0.410144
0.632144 -0.805412 0.600703
0.623372 -0.777304 0.807356
0.605058 -0.656377 -0.829034
0.624847 -0.628028 -0.605663
0.637275 -0.638102 -0.415602
0.648699 -0.656185 -0.276203
0.667079 -0.618566 -0.130233
0.618812 -0.644664 0.056082
0.670214 -0.612920 0.254431
0.657842 -0.664255 0.486664
0.630353 -0.583719 0.649394
0.645908 -0.616712 0.817683
0.648291 -0.447935 -0.787159
0.616031 -0.479459 -0.609488
0.666958 -0.406338 -0.466004
0.642572 -0.491985 -0.286714
0.582427 -0.431876 -0.084599
0.628625 -0.469051 0.132188
0.651125 -0.458626 0.272203
0.592644 -0.457348 0.494368
0.588728 -0.414934 0.591410
0.671672 -0.491223 0.825678
0.658387 -0.251950 -0.839815
0.614223 -0.236754 -0.605313
0.671509 -0.231197 -0.464995
0.661700 -0.316635 -0.268633
0.658077 -0.315982 -0.055614
0.652393 -0.230813 0.076138
0.670304 -0.305367 0.308628
0.670768 -0.298944 0.400866
0.591117 -0.292797 0.623569
0.576985 -0.300497 0.850409
0.655248 -0.062370 -0.777514
0.664324 -0.040119 -0.631219
0.582942 -0.040561 -0.414675
0.597734 -0.094241 -0.250373
0.635509 -0.117519 -0.040128
0.591366 -0.077588 0.136465
0.620265 -0.042577 0.245752
0.600805 -0.057945 0.463394
0.586988 -0.067242 0.676259
0.640709 -0.072750 0.775166
0.645000 0.043245 -0.854995
0.579883 0.113300 -0.647303
0.613934 0.068742 -0.409868
0.639443 0.066528 -0.233076
0.663419 0.137062 -0.052213
0.631113 0.136099 0.126114
0.593243 0.039977 0.307970
0.578409 0.085960 0.459108
0.590885 0.091890 0.647837
0.651475 0.124850 0.789477
0.647603 0.225690 -0.799674
0.595122 0.256221 -0.581209
0.615374 0.272273 -0.430758
0.655528 0.315592 -0.233981
0.655845 0.228228 -0.138706
0.654277 0.227118 0.043971
0.612164 0.267466 0.220597
0.622759 0.221476 0.429740
0.674223 0.273564 0.676161
0.675032 0.233825 0.843065
0.580151 0.459020 -0.832331
0.612893 0.428270 -0.631465
0.656162 0.463330 -0.402614
0.584230 0.451853 -0.269501
0.634139 0.404982 -0.096677
0.646241 0.465033 0.058937
0.618889 0.441300 0.276301
0.640124 0.491266 0.399442
0.580440 0.446018 0.654578
0.671723 0.477228 0.764932
0.601613 0.653331 -0.817002
0.590836 0.650637 -0.668728
0.658080 0.635686 -0.414993
0.616934 0.672771 -0.271819
0.588815 0.668628 -0.118256
0.580548 0.606181 0.118073
0.653649 0.600806 0.223554
0.672943 0.614175 0.461275
0.591782 0.657439 0.675916
0.589939 0.576489 0.777300
0.644830 0.849981 -0.765876
0.576539 0.807950 -0.614336
0.592075 0.839749 -0.418191
0.660798 0.843380 -0.265990
0.675029 0.814302 -0.127404
0.670581 0.806794 0.127279
0.599763 0.848566 0.221114
0.589392 0.760435 0.457487
0.632663 0.819926 0.654717
0.585577 0.797232 0.834027
0.767171 -0.810017 -0.822496
0.854231 -0.785691 -0.616128
0.838345 -0.762229 -0.442630
0.833497 -0.812729 -0.260052
0.827703 -0.807409 -0.103616
0.847836 -0.826299 0.115628
0.849702 -0.836226 0.297600
0.756538 -0.801212 0.409031
0.802252 -0.783016 0.617869
0.756847 -0.804771 0.787608
0.758158 -0.619938 -0.843181
0.824267 -0.596554 -0.579957
0.852834 -0.623354 -0.483019
0.787966 -0.602105 -0.287198
0.790441 -0.668390 -0.068073
0.812708 -0.661724 0.051903
0.840095 -0.646314 0.249450
0.848963 -0.642342 0.420580
0.828974 -0.587425 0.656918
0.808345 -0.619930 0.757763
0.780094 -0.401022 -0.825067
0.776026 -0.469200 -0.635517
0.798088 -0.495191 -0.496821
0.766799 -0.455979 -0.265772
0.820344 -0.467624 -0.049449
0.839010 -0.451898 0.119276
0.799741 -0.486175 0.257616
0.854622 -0.400673 0.482606
0.761041 -0.402583 0.580490
0.837024 -0.489354 0.788600
0.851943 -0.256688 -0.834335
0.755597 -0.277025 -0.597056
0.794309 -0.314605 -0.488793
0.771585 -0.269242 -0.275532
0.759939 -0.234871 -0.098462
0.793821 -0.259374 0.092820
0.770059 -0.280053 0.288671
0.758670 -0.253776 0.432109
0.767852 -0.222571 0.675082
0.800667 -0.221216 0.849065
0.842122 -0.050634 -0.778568
0.769858 -0.056659 -0.608060
0.774331 -0.046502 -0.484173
0.811518 -0.106507 -0.313182
0.792860 -0.039674 -0.126594
0.779670 -0.090863 0.106467
0.832445 -0.080926 0.238236
0.831521 -0.090754 0.398333
0.757454 -0.103696 0.636582
0.822627 -0.100330 0.800342
0.830978 0.129735 -0.781983
0.854436 0.126681 -0.624447
0.777944 0.085410 -0.441620
0.772754 0.113564 -0.238162
0.808352 0.083192 -0.129184
0.826025 0.108297 0.090905
0.806169 0.119220 0.308119
0.808715 0.122795 0.472421
0.795256 0.047384 0.591281
0.839789 0.065593 0.842768
0.800291 0.256190 -0.825156
0.818846 0.290086 -0.600343
0.777341 0.218951 -0.397847
0.853655 0.294709 -0.275271
0.761487 0.228941 -0.108601
0.765957 0.285163 0.136552
0.838216 0.243630 0.293104
0.830409 0.264661 0.481529
0.808971 0.258991 0.644456
0.835399 0.305176 0.803380
0.802763 0.425599 -0.806882
0.821402 0.447739 -0.624602
0.829229 0.465590 -0.427680
0.757691 0.444262 -0.281379
0.822962 0.446552 -0.122431
0.762354 0.412606 0.121154
0.769045 0.475499 0.268169
0.811594 0.436677 0.469247
0.798828 0.491045 0.654435
0.780108 0.401236 0.810670
0.798776 0.652729 -0.834789
0.822178 0.628310 -0.591520
0.772558 0.579482 -0.399895
0.822928 0.580527 -0.289562
0.810520 0.672868 -0.106526
0.763840 0.606621 0.057661
0.832210 0.616736 0.277642
0.769451 0.656527 0.487737
0.832067 0.602342 0.587651
0.844874 0.597116 0.791791
0.829462 0.762507 -0.854870
0.845207 0.768729 -0.609886
0.783152 0.848274 -0.405012
0.782576 0.765177 -0.311049
0.800118 0.762775 -0.087894
0.847274 0.774463 0.131592
0.828212 0.794817 0.223125
0.768165 0.821627 0.449360
0.839348 0.804156 0.627832
0.767168 0.755948 0.829813
