-1.967975 -0.105690 -0.281267
-1.946433 -0.109030 0.258745
-1.971786 -0.171947 0.884098
-1.969515 0.208159 -0.771827
-1.555650 -1.249582 -0.751783
-1.560070 -0.872400 -1.285145
-1.638415 -0.961624 -0.881740
-1.630298 -0.898329 -0.307664
-1.691313 -0.885293 0.338865
-1.589095 -0.923573 0.767736
-1.650385 -0.870958 1.351632
-1.615135 -0.507422 -1.867157
-1.709852 -0.499809 -1.438761
-1.563570 -0.620377 -0.787329
-1.576524 -0.514851 -0.237182
-1.704908 -0.477922 0.274863
-1.699349 -0.487490 0.808298
-1.595529 -0.544057 1.400898
-1.638497 -0.551696 1.945889
-1.662881 -0.132168 -1.837790
-1.704060 -0.152288 -1.439019
-1.643150 -0.171327 -0.762840
-1.578250 -0.247944 -0.209671
-1.559371 -0.126551 0.201602
-1.600398 -0.104727 0.827470
-1.696396 -0.258680 1.390252
-1.660126 -0.139319 1.984573
-1.646012 0.234919 -1.856104
-1.664957 0.230245 -1.322711
-1.695339 0.126786 -0.863417
-1.676375 0.128332 -0.242246
-1.614095 0.229600 0.324646
-1.655053 0.246716 0.825788
-1.679728 0.102892 1.386409
-1.584895 0.230509 1.944442
-1.626696 0.507257 -1.915292
-1.655231 0.577453 -1.313985
-1.595173 0.533287 -0.750916
-1.631343 0.591668 -0.254193
-1.605949 0.468921 0.260259
-1.579985 0.489743 0.791631
-1.630466 0.526108 1.336068
-1.571905 0.499218 1.978808
-1.609488 0.888650 -1.310634
-1.699459 0.848114 -0.862880
-1.600825 0.922468 -0.222372
-1.651291 0.915763 0.309501
-1.680757 0.934947 0.773701
-1.214215 -1.557273 -0.326111
-1.330082 -1.272419 -1.339548
-1.247789 -1.238646 -0.790902
-1.224410 -1.267370 -0.310158
-1.241577 -1.209625 0.212155
-1.263333 -1.287776 0.894032
-1.323098 -1.225777 1.352740
-1.345076 -0.845708 -1.849118
-1.309181 -0.972081 -1.388272
-1.318054 -0.957793 -0.774104
-1.334073 -0.929684 -0.225393
-1.272683 -0.941959 0.210101
-1.231530 -0.986183 0.779563
-1.344895 -0.840557 1.411164
-1.341992 -0.854707 1.932354
-1.210396 -0.570391 -1.906035
-1.231637 -0.512026 -1.366570
-1.310189 -0.485170 -0.844638
-1.246587 -0.504844 -0.294340
-1.211381 -0.525164 0.251499
-1.256796 -0.585098 0.886554
-1.209245 -0.513080 1.419918
-1.238606 -0.516302 1.900774
-1.237515 -0.545039 2.427719
-1.287036 -0.180736 -2.476611
-1.271060 -0.237816 -1.875738
-1.308377 -0.124783 -1.438739
-1.324193 -0.201609 -0.879173
-1.340672 -0.240353 -0.348876
-1.203178 -0.261459 0.254049
-1.301330 -0.168143 0.749572
-1.309613 -0.142927 1.428376
-1.329071 -0.121491 1.933729
-1.328348 -0.247641 2.392963
-1.249145 0.221882 -2.422186
-1.236740 0.190072 -1.923942
-1.247964 0.139896 -1.383877
-1.259079 0.137605 -0.785939
-1.338036 0.133060 -0.205657
-1.242012 0.230129 0.311025
-1.256483 0.182459 0.762875
-1.266191 0.238708 1.357007
-1.348555 0.135779 1.984578
-1.209427 0.187269 2.429791
-1.291673 0.592241 -1.917673
-1.234739 0.494646 -1.433980
-1.240133 0.615174 -0.807263
-1.294849 0.489529 -0.257464
-1.344005 0.516242 0.233814
-1.226525 0.585540 0.831535
-1.277549 0.536685 1.440681
-1.218057 0.469770 1.962233
-1.200967 0.843369 -1.890956
-1.298537 0.907715 -1.321774
-1.230614 0.971049 -0.746956
-1.260897 0.886897 -0.273853
-1.195318 0.846626 0.240351
-1.260373 0.929476 0.772476
-1.331672 0.987787 1.340761
-1.288209 0.956217 1.900260
-1.224318 1.278471 -1.924623
-1.243577 1.245073 -1.321278
-1.227285 1.285302 -0.855037
-1.226906 1.337915 -0.340112
-1.337888 1.242780 0.198501
-1.203892 1.212014 0.882170
-1.341787 1.338076 1.338842
-0.828183 -1.680020 -1.285882
-0.924418 -1.587376 -0.873448
-0.942934 -1.598295 -0.195856
-0.835264 -1.670224 0.218972
-0.937355 -1.639936 0.771006
-0.882311 -1.689476 1.443490
-0.936893 -1.224112 -1.979876
-0.939274 -1.231876 -1.308313
-0.874565 -1.217460 -0.846495
-0.860871 -1.328570 -0.323644
-0.940528 -1.241013 0.346849
-0.926749 -1.220998 0.800156
-0.892797 -1.331820 1.346069
-0.832944 -1.286676 1.946028
-0.861681 -0.845280 -2.528453
-0.945845 -0.904818 -1.880809
-0.908603 -0.839832 -1.437343
-0.877742 -0.898070 -0.862782
-0.861863 -0.947324 -0.193001
-0.930438 -0.971232 0.308735
-0.915009 -0.935000 0.838729
-0.927281 -0.920495 1.353022
-0.895932 -0.853690 1.891777
-0.976454 -0.852088 2.457777
-0.877386 -0.541800 -2.516787
-0.935276 -0.600317 -1.986183
-0.956131 -0.475309 -1.343375
-0.915941 -0.585196 -0.793672
-0.896746 -0.588899 -0.324273
-0.875527 -0.476464 0.300257
-0.831003 -0.541254 0.745817
-0.922100 -0.510722 1.343153
-0.930262 -0.487965 1.882088
-0.962986 -0.569240 2.511570
-0.889691 -0.189355 -2.492855
-0.980514 -0.161983 -1.845582
-0.894521 -0.134308 -1.309667
-0.828941 -0.117781 -0.852713
-0.922167 -0.128017 -0.283137
-0.915003 -0.139429 0.285262
-0.928673 -0.225120 0.827671
-0.850735 -0.110183 1.356810
-0.951056 -0.189270 1.907247
-0.932324 -0.219381 2.469772
-0.939901 0.109493 -2.474385
-0.919602 0.187398 -1.874610
-0.969212 0.193130 -1.340951
-0.854011 0.121770 -0.783438
-0.896341 0.170522 -0.326727
-0.909262 0.125834 0.351994
-0.870985 0.195305 0.806089
-0.853761 0.185223 1.430709
-0.891336 0.140090 1.905024
-0.927265 0.225818 2.419668
-0.872524 0.477770 -2.467304
-0.983465 0.618397 -1.870525
-0.915734 0.555434 -1.303843
-0.951616 0.509921 -0.818305
-0.956723 0.557740 -0.247772
-0.914349 0.487677 0.327688
-0.978829 0.587673 0.819143
-0.942983 0.517577 1.399712
-0.931401 0.618276 1.872408
-0.879345 0.562614 2.411972
-0.882758 0.899763 -2.454357
-0.930116 0.896904 -1.830983
-0.857258 0.915960 -1.349403
-0.952364 0.898358 -0.835791
-0.923838 0.953561 -0.239292
-0.956402 0.911848 0.321726
-0.919211 0.883459 0.770710
-0.932523 0.888940 1.423422
-0.903606 0.924044 1.900509
-0.881794 0.889620 2.389901
-0.899088 1.311934 -1.918861
-0.956559 1.254368 -1.344101
-0.971418 1.299900 -0.743767
-0.869521 1.322151 -0.230862
-0.841683 1.281215 0.339733
-0.941889 1.310887 0.825019
-0.950252 1.296324 1.294515
-0.855680 1.221129 1.898794
-0.903898 1.578042 -1.431354
-0.927583 1.615063 -0.815103
-0.940184 1.657545 -0.326999
-0.916555 1.687085 0.213238
-0.832513 1.654036 0.738247
-0.866338 1.675780 1.296590
-0.567824 -1.607298 -1.961732
-0.534480 -1.583866 -1.334737
-0.549079 -1.672086 -0.782493
-0.529069 -1.611234 -0.349515
-0.483442 -1.685906 0.251280
-0.580132 -1.706445 0.854229
-0.538181 -1.565113 1.306545
-0.539497 -1.703831 1.842526
-0.500378 -1.209971 -1.972980
-0.599430 -1.311447 -1.424276
-0.619501 -1.282442 -0.757292
-0.568341 -1.292933 -0.295804
-0.572002 -1.268634 0.298901
-0.542797 -1.319383 0.761777
-0.530724 -1.273505 1.309018
-0.559197 -1.258789 1.939419
-0.543864 -0.935236 -2.513679
-0.483550 -0.893720 -1.831503
-0.472785 -0.959715 -1.407105
-0.575142 -0.859838 -0.868582
-0.486037 -0.941512 -0.211654
-0.550405 -0.892333 0.336526
-0.615924 -0.942062 0.775725
-0.591143 -0.887920 1.402937
-0.582988 -0.948594 1.956262
-0.542562 -0.982327 2.512934
-0.477171 -0.478734 -2.522071
-0.608040 -0.555555 -1.945808
-0.550724 -0.472814 -1.436741
-0.581455 -0.485988 -0.835243
-0.475261 -0.537656 -0.222739
-0.621584 -0.616059 0.296970
-0.610723 -0.609296 0.838806
-0.488193 -0.530581 1.302815
-0.482920 -0.519578 1.940302
-0.502310 -0.526962 2.471919
-0.526491 -0.187158 -2.375018
-0.475050 -0.248865 -1.852017
-0.574667 -0.158462 -1.334818
-0.469013 -0.216871 -0.822943
-0.563562 -0.107097 -0.220828
-0.580365 -0.183651 0.340094
-0.622278 -0.190524 0.844124
-0.594779 -0.129208 1.373300
-0.553265 -0.178084 1.967829
-0.583783 -0.252424 2.377908
-0.564395 0.192617 -2.462802
-0.503727 0.152152 -1.952512
-0.471158 0.197219 -1.304496
-0.495078 0.161089 -0.786594
-0.584422 0.170235 -0.229655
-0.492689 0.216169 0.220877
-0.559144 0.261629 0.868842
-0.486946 0.113389 1.369462
-0.567821 0.249051 1.854910
-0.502982 0.142520 2.480805
-0.545859 0.566976 -2.519938
-0.493154 0.548046 -1.879653
-0.473570 0.598088 -1.319331
-0.558806 0.488789 -0.758740
-0.595653 0.538919 -0.234120
-0.522981 0.532975 0.254270
-0.565266 0.569316 0.752426
-0.532330 0.520672 1.336199
-0.478873 0.508741 1.981451
-0.490503 0.576186 2.395958
-0.509329 0.870853 -2.469776
-0.617291 0.873914 -1.974939
-0.518994 0.881244 -1.385945
-0.506058 0.967205 -0.822832
-0.550302 0.979466 -0.339470
-0.544381 0.983354 0.232598
-0.464712 0.959764 0.890638
-0.469858 0.965614 1.343371
-0.486270 0.948253 1.897405
-0.530484 0.854409 2.520221
-0.591117 1.314962 -1.873288
-0.480942 1.245020 -1.428841
-0.615983 1.284222 -0.754862
-0.608637 1.220079 -0.196716
-0.596294 1.277917 0.292995
-0.498060 1.273804 0.888560
-0.557045 1.312950 1.381947
-0.488207 1.352400 1.935734
-0.593333 1.620843 -1.953488
-0.538787 1.636280 -1.296985
-0.547462 1.630860 -0.757396
-0.553102 1.650029 -0.278550
-0.537827 1.710919 0.257516
-0.480167 1.708802 0.803118
-0.492088 1.655929 1.409724
-0.611454 1.676303 1.845029
-0.491586 1.931047 -0.222784
-0.149128 -1.941658 -0.341642
-0.101951 -1.971052 0.215958
-0.103359 -1.578054 -1.840345
-0.130168 -1.688942 -1.285863
-0.182315 -1.622802 -0.840247
-0.169247 -1.690212 -0.238032
-0.239198 -1.679899 0.272943
-0.115718 -1.695525 0.852370
-0.114798 -1.567004 1.389621
-0.129068 -1.567887 1.945602
-0.102568 -1.218676 -1.961186
-0.128557 -1.266608 -1.356157
-0.216748 -1.219258 -0.749185
-0.211858 -1.349357 -0.209537
-0.255954 -1.269582 0.348351
-0.123808 -1.324211 0.861941
-0.151574 -1.240847 1.316625
-0.165632 -1.317421 1.982051
-0.155056 -1.248433 2.446572
-0.250966 -0.840774 -2.517976
-0.207977 -0.860686 -1.931424
-0.259920 -0.887280 -1.426266
-0.219584 -0.917666 -0.798688
-0.164770 -0.947997 -0.261197
-0.126156 -0.947125 0.234692
-0.171780 -0.832080 0.859261
-0.114372 -0.910239 1.378253
-0.138388 -0.893850 1.885993
-0.240020 -0.897811 2.531792
-0.145354 -0.618106 -2.491751
-0.128838 -0.597824 -1.942493
-0.236261 -0.479783 -1.345400
-0.143294 -0.569714 -0.780128
-0.180307 -0.483070 -0.339426
-0.258974 -0.618920 0.277382
-0.103584 -0.571726 0.868369
-0.255182 -0.535928 1.285449
-0.168148 -0.593391 1.904444
-0.107900 -0.509229 2.423920
-0.164998 -0.487204 2.928793
-0.198775 -0.243598 -2.934555
-0.220996 -0.178113 -2.528258
-0.106549 -0.175820 -1.859739
-0.258532 -0.191699 -1.302625
-0.211209 -0.250448 -0.858921
-0.110716 -0.253200 -0.319382
-0.233924 -0.224031 0.197450
-0.217952 -0.198684 0.844945
-0.157397 -0.175681 1.314621
-0.165107 -0.212830 1.986335
-0.233049 -0.134253 2.514182
-0.222726 -0.206745 2.929872
-0.213916 0.203657 -2.462985
-0.159534 0.148192 -1.926286
-0.199156 0.219268 -1.289336
-0.255531 0.255933 -0.800831
-0.207060 0.112904 -0.236180
-0.139092 0.226588 0.320845
-0.189048 0.143565 0.771789
-0.206175 0.187183 1.416506
-0.184953 0.163505 1.849451
-0.241946 0.177335 2.501557
-0.240474 0.102429 2.963505
-0.239632 0.476524 -2.479766
-0.158910 0.591846 -1.931642
-0.161586 0.469241 -1.313844
-0.115886 0.607670 -0.782631
-0.129966 0.554688 -0.276009
-0.148227 0.606984 0.303913
-0.124056 0.535072 0.820740
-0.248356 0.540646 1.315061
-0.129110 0.551697 1.874381
-0.210184 0.497987 2.508629
-0.212853 0.885640 -2.414296
-0.109955 0.922336 -1.883860
-0.174416 0.943295 -1.309465
-0.159587 0.963653 -0.790615
-0.154772 0.935322 -0.227303
-0.236812 0.983197 0.258996
-0.178230 0.923158 0.806348
-0.213435 0.979056 1.425537
-0.206466 0.875638 1.971183
-0.179089 0.851740 2.491464
-0.249795 1.202141 -2.519467
-0.169042 1.282794 -1.911934
-0.236365 1.290938 -1.358373
-0.112538 1.313427 -0.880242
-0.140346 1.288548 -0.324663
-0.135763 1.213274 0.226422
-0.189176 1.217172 0.867914
-0.168517 1.274841 1.442642
-0.189602 1.248486 1.901870
-0.186561 1.218004 2.441562
-0.134078 1.598849 -1.841693
-0.148225 1.656681 -1.396099
-0.239703 1.563142 -0.785387
-0.251671 1.667735 -0.291778
-0.254639 1.631509 0.315831
-0.118072 1.626715 0.751126
-0.253954 1.615439 1.412122
-0.157200 1.654879 1.910326
-0.207724 1.956018 -0.820799
0.249673 -1.970864 -0.295035
0.227751 -1.968934 0.347124
0.218165 -1.651274 -1.920687
0.135361 -1.681079 -1.377746
0.105242 -1.691251 -0.805606
0.237516 -1.683033 -0.275534
0.146075 -1.696294 0.285031
0.253743 -1.575164 0.778586
0.221351 -1.642060 1.367067
0.172109 -1.672629 1.849429
0.140536 -1.301998 -1.831777
0.203561 -1.267580 -1.423186
0.192368 -1.328863 -0.849138
0.182373 -1.328919 -0.265439
0.198230 -1.328301 0.247109
0.222926 -1.275662 0.806114
0.225459 -1.284077 1.345448
0.256655 -1.347481 1.874534
0.236537 -1.229295 2.488157
0.146266 -0.958380 -2.403193
0.118768 -0.902052 -1.985349
0.111165 -0.988611 -1.384189
0.171025 -0.967434 -0.764049
0.157161 -0.937997 -0.304061
0.206945 -0.908921 0.297805
0.184125 -0.973909 0.839372
0.115669 -0.856619 1.306672
0.192678 -0.900003 1.928281
0.118473 -0.848809 2.454339
0.250529 -0.547079 -2.524952
0.168237 -0.602669 -1.891358
0.117811 -0.501476 -1.364630
0.177922 -0.476149 -0.761968
0.248513 -0.557992 -0.286427
0.189865 -0.546254 0.333798
0.225502 -0.473808 0.809785
0.253793 -0.564042 1.331784
0.217679 -0.600775 1.832843
0.129877 -0.571777 2.506641
0.191217 -0.132502 -2.941460
0.194336 -0.195832 -2.532233
0.105251 -0.225626 -1.884683
0.121710 -0.261628 -1.363617
0.124004 -0.148733 -0.749958
0.155186 -0.142122 -0.216383
0.155023 -0.132223 0.235295
0.124274 -0.191840 0.843054
0.191398 -0.219473 1.417544
0.248377 -0.206265 1.902240
0.152852 -0.206350 2.512613
0.259834 0.190486 -2.529648
0.220245 0.206990 -1.959117
0.247622 0.183239 -1.332355
0.189415 0.135833 -0.791531
0.121407 0.118637 -0.195856
0.200642 0.165434 0.276937
0.192308 0.153949 0.847173
0.234405 0.190038 1.330241
0.169624 0.139866 1.920354
0.129914 0.119866 2.430882
0.124854 0.253724 2.924933
0.203507 0.535644 -2.505609
0.191886 0.525856 -1.964053
0.122461 0.501901 -1.342513
0.251647 0.624759 -0.797404
0.172375 0.542913 -0.249759
0.195247 0.504170 0.279316
0.147562 0.511669 0.859073
0.126659 0.480994 1.321255
0.237344 0.622869 1.889023
0.208819 0.570424 2.431999
0.257879 0.970958 -2.451535
0.234759 0.958768 -1.898990
0.253980 0.900723 -1.364227
0.133176 0.856968 -0.877384
0.129798 0.963948 -0.293230
0.211551 0.973482 0.197809
0.201133 0.919250 0.846809
0.252209 0.918701 1.326912
0.229070 0.860710 1.859304
0.236190 0.933356 2.498226
0.164282 1.278402 -1.901011
0.225946 1.331426 -1.323964
0.134879 1.248311 -0.788027
0.154757 1.200229 -0.322371
0.189788 1.348881 0.274912
0.195256 1.250315 0.875048
0.248611 1.229225 1.331699
0.197433 1.347716 1.890957
0.126125 1.200374 2.483811
0.162648 1.714051 -1.831433
0.171370 1.701163 -1.285324
0.125810 1.615287 -0.895634
0.145817 1.574167 -0.209283
0.150831 1.608591 0.302361
0.107962 1.698740 0.809636
0.195418 1.654525 1.406746
0.193872 1.641262 1.837272
0.140645 1.970839 -1.293222
0.161759 1.988113 0.874170
0.571150 -1.598584 -1.284505
0.620795 -1.588170 -0.891382
0.499167 -1.579891 -0.261922
0.532789 -1.642560 0.239985
0.545624 -1.570950 0.820173
0.588139 -1.652372 1.370978
0.527709 -1.623191 1.872605
0.515858 -1.249385 -1.896605
0.555470 -1.305779 -1.400138
0.543391 -1.327150 -0.758903
0.624332 -1.314380 -0.260108
0.542563 -1.314068 0.301394
0.531665 -1.328329 0.812823
0.504385 -1.224322 1.328547
0.507281 -1.197517 1.920283
0.606852 -1.193081 2.480118
0.590242 -0.942488 -2.527956
0.549202 -0.969963 -1.926712
0.486940 -0.975497 -1.364705
0.480037 -0.835082 -0.767306
0.533418 -0.838281 -0.286220
0.493539 -0.910384 0.276518
0.512635 -0.836135 0.796102
0.571143 -0.927385 1.432555
0.618892 -0.834955 1.961971
0.549158 -0.856087 2.530431
0.621416 -0.525347 -2.531921
0.560792 -0.602592 -1.839073
0.489306 -0.515939 -1.423349
0.574458 -0.531936 -0.848109
0.507197 -0.503913 -0.267760
0.562747 -0.520941 0.343277
0.599760 -0.467160 0.769235
0.623005 -0.550523 1.362287
0.576959 -0.607267 1.895543
0.545962 -0.533908 2.515395
0.515760 -0.202830 -2.502585
0.499232 -0.138284 -1.942735
0.620771 -0.202978 -1.402597
0.576651 -0.201618 -0.847594
0.601296 -0.133414 -0.332223
0.479127 -0.177703 0.200010
0.509516 -0.217114 0.854004
0.606286 -0.156770 1.301155
0.539075 -0.161383 1.963626
0.492192 -0.159696 2.458393
0.472373 0.247649 -2.438677
0.545246 0.191801 -1.840833
0.521610 0.158323 -1.320592
0.510227 0.112469 -0.859667
0.568049 0.225597 -0.247028
0.569006 0.138317 0.270396
0.467291 0.252841 0.852085
0.500932 0.228321 1.358719
0.605444 0.231070 1.879102
0.616816 0.153885 2.432028
0.539135 0.529891 -2.516242
0.603890 0.544008 -1.914530
0.600789 0.574980 -1.287441
0.601313 0.601852 -0.759482
0.583373 0.586292 -0.306000
0.510323 0.509751 0.269426
0.578628 0.489987 0.778447
0.575244 0.528474 1.335153
0.547133 0.529252 1.939217
0.554736 0.601994 2.449057
0.468964 0.902764 -2.465304
0.619945 0.854671 -1.982490
0.553528 0.969199 -1.415724
0.574982 0.877940 -0.874841
0.512000 0.882874 -0.258439
0.583580 0.907701 0.270249
0.516317 0.889168 0.800410
0.568127 0.900533 1.390567
0.537399 0.911891 1.927207
0.604847 0.914904 2.447549
0.469365 1.272105 -1.975412
0.475965 1.344101 -1.426231
0.596572 1.337891 -0.870822
0.502540 1.265481 -0.335851
0.517283 1.331231 0.270690
0.604147 1.251715 0.811502
0.581931 1.277664 1.348931
0.550730 1.252550 1.947662
0.601693 1.228418 2.413239
0.500165 1.626435 -1.875004
0.557827 1.665380 -1.322797
0.535130 1.624084 -0.844758
0.512478 1.561548 -0.342564
0.592794 1.670130 0.255723
0.498145 1.557604 0.868016
0.504732 1.702540 1.313808
0.613726 1.605710 1.976773
0.478537 1.925245 -0.893542
0.518201 1.927053 0.214253
0.935826 -1.707623 -1.409120
0.976799 -1.685519 -0.842551
0.958401 -1.687233 -0.200404
0.892784 -1.611744 0.288199
0.865159 -1.644331 0.770929
0.931994 -1.703494 1.420482
0.903710 -1.290578 -1.914973
0.938410 -1.324602 -1.320982
0.946989 -1.339827 -0.857005
0.969517 -1.337350 -0.206407
0.859751 -1.255459 0.348698
0.887712 -1.277497 0.810088
0.941785 -1.332985 1.309102
0.963924 -1.245129 1.927768
0.864590 -0.869072 -2.507289
0.957124 -0.947711 -1.875483
0.857248 -0.945586 -1.368909
0.972135 -0.899761 -0.806879
0.983344 -0.897978 -0.306291
0.973078 -0.922055 0.223895
0.856009 -0.856800 0.741044
0.968962 -0.873452 1.382130
0.832925 -0.968870 1.889466
0.956517 -0.534959 -2.431205
0.953106 -0.530470 -1.906868
0.862664 -0.534502 -1.365125
0.869046 -0.467265 -0.775730
0.975480 -0.612416 -0.244337
0.989228 -0.529454 0.301779
0.974607 -0.543664 0.881540
0.917023 -0.604021 1.331681
0.852533 -0.619600 1.977838
0.926293 -0.591118 2.444392
0.973437 -0.207783 -2.422804
0.920517 -0.130444 -1.862847
0.906245 -0.178291 -1.409861
0.837799 -0.184934 -0.874387
0.850484 -0.162135 -0.324269
0.950444 -0.234326 0.220269
0.850475 -0.161129 0.777906
0.974452 -0.193585 1.433314
0.922711 -0.114821 1.859131
0.932245 -0.208882 2.396506
0.843847 0.238178 -2.395262
0.897031 0.196583 -1.911048
0.981635 0.164128 -1.407091
0.881116 0.164360 -0.780980
0.979253 0.253025 -0.291996
0.964323 0.229958 0.306819
0.931220 0.207799 0.829410
0.977990 0.156728 1.299891
0.953051 0.207374 1.918068
0.946851 0.253106 2.506141
0.936354 0.564547 -2.467130
0.835705 0.531419 -1.860376
0.967758 0.530381 -1.421778
0.980187 0.573919 -0.889089
0.904957 0.482088 -0.263591
0.859466 0.611037 0.211502
0.889902 0.504876 0.815853
0.873806 0.531804 1.338412
0.887394 0.493519 1.860412
0.904184 0.523087 2.514615
0.867624 0.854764 -2.459500
0.870991 0.874181 -1.937612
0.978982 0.902356 -1.291211
0.830380 0.982202 -0.787611
0.969333 0.919613 -0.244925
0.870364 0.850202 0.265158
0.847110 0.961544 0.812627
0.874561 0.923438 1.352663
0.904151 0.894838 1.963352
0.935348 0.833168 2.510581
0.953796 1.308006 -1.906888
0.981066 1.340337 -1.423304
0.843462 1.295956 -0.885020
0.835641 1.316445 -0.284083
0.842031 1.268930 0.341626
0.843965 1.205816 0.821570
0.979768 1.222653 1.332676
0.896203 1.248319 1.922705
0.880376 1.587166 -1.285294
0.890192 1.664795 -0.791992
0.901428 1.689847 -0.317141
0.837583 1.645842 0.327675
0.898947 1.667675 0.812824
0.871689 1.634413 1.331959
1.242749 -1.335365 -1.343786
1.196243 -1.318923 -0.855352
1.234839 -1.349091 -0.201470
1.346993 -1.210962 0.307607
1.297498 -1.348025 0.836984
1.208545 -1.257534 1.438407
1.290591 -0.866517 -1.950866
1.240969 -0.923061 -1.392699
1.293666 -0.971259 -0.838642
1.256649 -0.864295 -0.219525
1.327494 -0.899093 0.326642
1.204378 -0.966734 0.751576
1.327068 -0.853357 1.350187
1.233743 -0.841171 1.836847
1.241715 -0.523051 -1.960551
1.327982 -0.576503 -1.437054
1.266878 -0.547076 -0.779902
1.251995 -0.605746 -0.238857
1.302837 -0.583787 0.300217
1.235006 -0.535175 0.777295
1.345312 -0.529756 1.417545
1.224346 -0.600119 1.942717
1.193990 -0.571747 2.382828
1.285959 -0.113611 -2.405947
1.211828 -0.193718 -1.961424
1.291764 -0.218677 -1.383048
1.315488 -0.204895 -0.814777
1.220867 -0.193928 -0.226075
1.247479 -0.152720 0.217777
1.332398 -0.109100 0.743713
1.251590 -0.220509 1.427802
1.308652 -0.184334 1.987126
1.258932 0.175758 -2.515200
1.196134 0.174172 -1.944977
1.240664 0.118855 -1.353983
1.224841 0.215465 -0.763045
1.218113 0.109094 -0.249432
1.233397 0.213252 0.239270
1.198747 0.238384 0.826068
1.309101 0.193790 1.336677
1.351861 0.180974 1.843502
1.205205 0.165790 2.498480
1.209777 0.466226 -2.449135
1.200341 0.545367 -1.875328
1.308625 0.511468 -1.381909
1.277173 0.534092 -0.872678
1.197990 0.473115 -0.312991
1.335521 0.516157 0.209737
1.311927 0.520458 0.859201
1.293377 0.491927 1.300378
1.225412 0.608595 1.889569
1.241509 0.528412 2.442798
1.274016 0.949766 -1.906503
1.338529 0.841362 -1.351542
1.305652 0.874814 -0.884158
1.245924 0.932765 -0.260154
1.275304 0.862713 0.195422
1.242829 0.884256 0.834039
1.265632 0.851713 1.426059
1.228500 0.932563 1.980016
1.210910 1.263058 -1.859519
1.283615 1.304404 -1.409070
1.280649 1.290791 -0.882298
1.326250 1.314253 -0.294355
1.311971 1.235228 0.256593
1.339500 1.218192 0.787397
1.324611 1.250642 1.430157
1.561961 -0.966158 -1.347964
1.706292 -0.967819 -0.892584
1.701049 -0.968172 -0.298992
1.706173 -0.965948 0.338396
1.592015 -0.951651 0.884087
1.711780 -0.928467 1.427871
1.637559 -0.624477 -1.948791
1.568481 -0.618480 -1.429871
1.683411 -0.549597 -0.822493
1.559005 -0.520058 -0.345405
1.693934 -0.600183 0.209956
1.597121 -0.548481 0.767813
1.612660 -0.504633 1.394056
1.561644 -0.583763 1.961225
1.682717 -0.200158 -1.982999
1.621574 -0.137285 -1.332785
1.586949 -0.109711 -0.888724
1.590885 -0.242613 -0.314586
1.585359 -0.251566 0.225901
1.636505 -0.147816 0.797935
1.618106 -0.213577 1.386098
1.687771 -0.128321 1.849193
1.568306 0.232476 -1.944677
1.713361 0.136598 -1.342388
1.701618 0.156553 -0.741937
1.638445 0.132118 -0.290146
1.665406 0.256117 0.319725
1.686202 0.236281 0.818341
1.633976 0.142241 1.317158
1.689921 0.140537 1.886283
1.699671 0.586996 -1.831863
1.712446 0.549803 -1.292369
1.572544 0.610180 -0.780820
1.580822 0.614772 -0.270125
1.648145 0.602072 0.273456
1.656754 0.508149 0.759745
1.706480 0.510981 1.432789
1.579890 0.466642 1.856602
1.565065 0.856786 -1.431163
1.708800 0.955639 -0.738739
1.610329 0.885461 -0.260512
1.675630 0.987244 0.261651
1.580346 0.969263 0.873850
1.625148 0.829504 1.410484
1.942870 -0.193887 -0.876941
1.929986 -0.130690 0.212473
1.947398 -0.232261 1.378934
1.923050 0.112108 -0.861208
1.934144 0.223826 -0.298376
1.980394 0.259322 0.777801
1.927820 0.505202 0.257224
